1.694640232624285936e+09
1.694640232634282112e+09
1.694640232644279003e+09
1.694640232654278994e+09
1.694640232664288044e+09
1.694640232674278975e+09
1.694640232684288025e+09
1.694640232694282055e+09
1.694640232704288006e+09
1.694640232714282990e+09
1.694640232724280119e+09
1.694640232734292984e+09
1.694640232744290113e+09
1.694640232754297018e+09
1.694640232764290094e+09
1.694640232774290085e+09
1.694640232784297943e+09
1.694640232794291973e+09
1.694640232804287910e+09
1.694640232814299107e+09
1.694640232824297905e+09
1.694640232834290981e+09
1.694640232844295979e+09
1.694640232854299068e+09
1.694640232864301920e+09
1.694640232874296904e+09
1.694640232884301901e+09
1.694640232894293070e+09
1.694640232904304981e+09
1.694640232914294004e+09
1.694640232924302101e+09
1.694640232934299946e+09
1.694640232944302082e+09
1.694640232954303980e+09
1.694640232964306116e+09
1.694640232974301100e+09
1.694640232984302998e+09
1.694640232994306087e+09
1.694640233004282951e+09
1.694640233014285088e+09
1.694640233024271011e+09
1.694640233034280062e+09
1.694640233044286966e+09
1.694640233054280996e+09
1.694640233064291000e+09
1.694640233074280977e+09
1.694640233084285975e+09
1.694640233094288111e+09
1.694640233104279995e+09
1.694640233114288092e+09
1.694640233124288082e+09
1.694640233134294987e+09
1.694640233144290924e+09
1.694640233154290915e+09
1.694640233164285898e+09
1.694640233174293995e+09
1.694640233184287071e+09
1.694640233194289923e+09
1.694640233204293966e+09
1.694640233214293003e+09
1.694640233224298000e+09
1.694640233234293938e+09
1.694640233244296074e+09
1.694640233254298925e+09
1.694640233264300108e+09
1.694640233274296045e+09
1.694640233284293890e+09
1.694640233294295073e+09
1.694640233304299116e+09
1.694640233314304113e+09
1.694640233324291945e+09
1.694640233334300041e+09
1.694640233344295025e+09
1.694640233354310989e+09
1.694640233364303112e+09
1.694640233374311924e+09
1.694640233384305000e+09
1.694640233394309998e+09
1.694640233404304981e+09
1.694640233414302111e+09
1.694640233424309969e+09
1.694640233434309006e+09
1.694640233444310904e+09
1.694640233454312086e+09
1.694640233464309931e+09
1.694640233474306107e+09
1.694640233484308004e+09
1.694640233494302988e+09
1.694640233504316092e+09
1.694640233514312029e+09
1.694640233524312973e+09
1.694640233534317970e+09
1.694640233544303894e+09
1.694640233554311991e+09
1.694640233564317942e+09
1.694640233574323893e+09
1.694640233584316015e+09
1.694640233594316959e+09
1.694640233604320049e+09
1.694640233614316940e+09
1.694640233624324083e+09
1.694640233634314060e+09
1.694640233644321918e+09
1.694640233654316902e+09
1.694640233664324045e+09
1.694640233674323082e+09
1.694640233684314966e+09
1.694640233694328070e+09
1.694640233704324961e+09
1.694640233714320898e+09
1.694640233724318027e+09
1.694640233734324932e+09
1.694640233744332075e+09
1.694640233754323006e+09
1.694640233764324903e+09
1.694640233774328947e+09
1.694640233784339905e+09
1.694640233794331074e+09
1.694640233804326057e+09
1.694640233814335108e+09
1.694640233824331045e+09
1.694640233834331989e+09
1.694640233844330072e+09
1.694640233854324102e+09
1.694640233864334106e+09
1.694640233874327898e+09
1.694640233884335041e+09
1.694640233894339085e+09
1.694640233904335022e+09
1.694640233914340973e+09
1.694640233924344063e+09
1.694640233934335947e+09
1.694640233944331884e+09
1.694640233954345942e+09
1.694640233964330912e+09
1.694640233974347115e+09
1.694640233984345913e+09
1.694640233994333029e+09
1.694640234004327059e+09
1.694640234014313936e+09
1.694640234024319887e+09
1.694640234034320116e+09
1.694640234044322014e+09
1.694640234054331064e+09
1.694640234064318895e+09
1.694640234074327946e+09
1.694640234084317923e+09
1.694640234094324112e+09
1.694640234104319096e+09
1.694640234114326000e+09
1.694640234124335051e+09
1.694640234134329081e+09
1.694640234144328117e+09
1.694640234154330969e+09
1.694640234164326906e+09
1.694640234174323082e+09
1.694640234184330940e+09
1.694640234194340944e+09
1.694640234204325914e+09
1.694640234214329004e+09
1.694640234224334002e+09
1.694640234234327078e+09
1.694640234244328976e+09
1.694640234254339933e+09
1.694640234264333010e+09
1.694640234274337053e+09
1.694640234284333944e+09
1.694640234294338942e+09
1.694640234304337025e+09
1.694640234314326048e+09
1.694640234324338913e+09
1.694640234334342957e+09
1.694640234344342947e+09
1.694640234354336023e+09
1.694640234364336014e+09
1.694640234374336958e+09
1.694640234384341002e+09
1.694640234394346952e+09
1.694640234404355049e+09
1.694640234414345980e+09
1.694640234424340010e+09
1.694640234434345007e+09
1.694640234444333076e+09
1.694640234454346895e+09
1.694640234464354038e+09
1.694640234474347115e+09
1.694640234484353065e+09
1.694640234494354963e+09
1.694640234504342079e+09
1.694640234514348984e+09
1.694640234524348974e+09
1.694640234534354925e+09
1.694640234544358015e+09
1.694640234554358959e+09
1.694640234564356089e+09
1.694640234574350119e+09
1.694640234584348917e+09
1.694640234594353914e+09
1.694640234604357958e+09
1.694640234614367008e+09
1.694640234624357939e+09
1.694640234634349108e+09
1.694640234644354105e+09
1.694640234654355049e+09
1.694640234664350986e+09
1.694640234674356937e+09
1.694640234684361935e+09
1.694640234694361925e+09
1.694640234704355955e+09
1.694640234714366913e+09
1.694640234724354982e+09
1.694640234734358072e+09
1.694640234744368076e+09
1.694640234754373074e+09
1.694640234764364958e+09
1.694640234774357080e+09
1.694640234784363031e+09
1.694640234794365883e+09
1.694640234804369926e+09
1.694640234814367056e+09
1.694640234824368954e+09
1.694640234834371090e+09
1.694640234844367981e+09
1.694640234854372978e+09
1.694640234864362955e+09
1.694640234874365091e+09
1.694640234884366035e+09
1.694640234894372940e+09
1.694640234904370070e+09
1.694640234914376020e+09
1.694640234924374104e+09
1.694640234934375048e+09
1.694640234944372892e+09
1.694640234954374075e+09
1.694640234964375973e+09
1.694640234974380970e+09
1.694640234984378099e+09
1.694640234994380951e+09
1.694640235004362106e+09
1.694640235014364004e+09
1.694640235024358988e+09
1.694640235034365892e+09
1.694640235044362068e+09
1.694640235054371119e+09
1.694640235064368963e+09
1.694640235074362040e+09
1.694640235084364891e+09
1.694640235094360113e+09
1.694640235104371071e+09
1.694640235114367962e+09
1.694640235124382019e+09
1.694640235134373903e+09
1.694640235144372940e+09
1.694640235154369116e+09
1.694640235164365053e+09
1.694640235174366951e+09
1.694640235184376955e+09
1.694640235194376945e+09
1.694640235204377890e+09
1.694640235214374065e+09
1.694640235224375010e+09
1.694640235234378099e+09
1.694640235244376898e+09
1.694640235254371881e+09
1.694640235264377117e+09
1.694640235274383068e+09
1.694640235284383059e+09
1.694640235294373989e+09
1.694640235304380894e+09
1.694640235314379930e+09
1.694640235324379921e+09
1.694640235334379911e+09
1.694640235344382048e+09
1.694640235354386091e+09
1.694640235364382982e+09
1.694640235374388933e+09
1.694640235384385109e+09
1.694640235394383907e+09
1.694640235404385090e+09
1.694640235414391041e+09
1.694640235424385071e+09
1.694640235434389114e+09
1.694640235444386005e+09
1.694640235454387903e+09
1.694640235464382887e+09
1.694640235474392891e+09
1.694640235484390974e+09
1.694640235494390965e+09
1.694640235504398108e+09
1.694640235514384985e+09
1.694640235524399042e+09
1.694640235534390926e+09
1.694640235544393063e+09
1.694640235554394007e+09
1.694640235564394951e+09
1.694640235574398041e+09
1.694640235584398031e+09
1.694640235594399929e+09
1.694640235604393005e+09
1.694640235614394903e+09
1.694640235624394894e+09
1.694640235634401083e+09
1.694640235644404888e+09
1.694640235654400110e+09
1.694640235664403915e+09
1.694640235674401045e+09
1.694640235684400082e+09
1.694640235694401979e+09
1.694640235704406977e+09
1.694640235714406967e+09
1.694640235724415064e+09
1.694640235734405994e+09
1.694640235744411945e+09
1.694640235754403114e+09
1.694640235764409065e+09
1.694640235774406910e+09
1.694640235784401894e+09
1.694640235794420004e+09
1.694640235804413080e+09
1.694640235814414024e+09
1.694640235824404001e+09
1.694640235834410906e+09
1.694640235844412088e+09
1.694640235854414940e+09
1.694640235864413977e+09
1.694640235874418020e+09
1.694640235884413958e+09
1.694640235894418001e+09
1.694640235904411077e+09
1.694640235914413929e+09
1.694640235924427032e+09
1.694640235934421062e+09
1.694640235944415092e+09
1.694640235954421043e+09
1.694640235964423895e+09
1.694640235974423885e+09
1.694640235984414101e+09
1.694640235994422913e+09
1.694640236004401922e+09
1.694640236014399052e+09
1.694640236024400949e+09
1.694640236034398079e+09
1.694640236044408083e+09
1.694640236054394007e+09
1.694640236064399958e+09
1.694640236074405909e+09
1.694640236084407091e+09
1.694640236094403028e+09
1.694640236104410887e+09
1.694640236114409924e+09
1.694640236124396086e+09
1.694640236134412050e+09
1.694640236144407034e+09
1.694640236154417038e+09
1.694640236164403915e+09
1.694640236174412012e+09
1.694640236184411049e+09
1.694640236194416046e+09
1.694640236204401970e+09
1.694640236214412928e+09
1.694640236224416971e+09
1.694640236234422922e+09
1.694640236244411945e+09
1.694640236254420996e+09
1.694640236264415979e+09
1.694640236274411917e+09
1.694640236284410954e+09
1.694640236294411898e+09
1.694640236304420948e+09
1.694640236314419985e+09
1.694640236324420929e+09
1.694640236334419966e+09
1.694640236344420910e+09
1.694640236354415894e+09
1.694640236364413023e+09
1.694640236374429941e+09
1.694640236384412050e+09
1.694640236394418001e+09
1.694640236404421091e+09
1.694640236414423943e+09
1.694640236424418926e+09
1.694640236434420109e+09
1.694640236444426060e+09
1.694640236454432011e+09
1.694640236464422941e+09
1.694640236474430084e+09
1.694640236484427929e+09
1.694640236494431019e+09
1.694640236504425049e+09
1.694640236514426947e+09
1.694640236524424076e+09
1.694640236534436941e+09
1.694640236544437885e+09
1.694640236554435968e+09
1.694640236564434052e+09
1.694640236574434996e+09
1.694640236584424973e+09
1.694640236594435930e+09
1.694640236604440928e+09
1.694640236614434004e+09
1.694640236624439001e+09
1.694640236634439945e+09
1.694640236644442081e+09
1.694640236654443026e+09
1.694640236664444923e+09
1.694640236674442053e+09
1.694640236684439898e+09
1.694640236694439888e+09
1.694640236704438925e+09
1.694640236714442015e+09
1.694640236724441051e+09
1.694640236734440088e+09
1.694640236744445086e+09
1.694640236754450083e+09
1.694640236764447927e+09
1.694640236774446011e+09
1.694640236784455061e+09
1.694640236794445038e+09
1.694640236804445028e+09
1.694640236814445972e+09
1.694640236824446917e+09
1.694640236834455013e+09
1.694640236844439983e+09
1.694640236854448080e+09
1.694640236864453077e+09
1.694640236874456882e+09
1.694640236884447098e+09
1.694640236894449949e+09
1.694640236904458046e+09
1.694640236914452076e+09
1.694640236924458027e+09
1.694640236934457064e+09
1.694640236944457054e+09
1.694640236954452991e+09
1.694640236964457035e+09
1.694640236974452019e+09
1.694640236984458923e+09
1.694640236994458914e+09
1.694640237004442930e+09
1.694640237014446974e+09
1.694640237024441957e+09
1.694640237034440994e+09
1.694640237044441938e+09
1.694640237054451942e+09
1.694640237064444065e+09
1.694640237074455976e+09
1.694640237084443092e+09
1.694640237094448090e+09
1.694640237104434013e+09
1.694640237114449978e+09
1.694640237124438047e+09
1.694640237134443998e+09
1.694640237144443035e+09
1.694640237154452085e+09
1.694640237164454937e+09
1.694640237174448013e+09
1.694640237184446096e+09
1.694640237194443941e+09
1.694640237204456091e+09
1.694640237214446068e+09
1.694640237224451065e+09
1.694640237234460115e+09
1.694640237244450092e+09
1.694640237254456997e+09
1.694640237264451027e+09
1.694640237274465084e+09
1.694640237284461021e+09
1.694640237294456959e+09
1.694640237304457903e+09
1.694640237314456940e+09
1.694640237324457884e+09
1.694640237334461927e+09
1.694640237344460011e+09
1.694640237354469061e+09
1.694640237364459038e+09
1.694640237374464035e+09
1.694640237384459019e+09
1.694640237394470930e+09
1.694640237404453993e+09
1.694640237414463043e+09
1.694640237424463034e+09
1.694640237434472084e+09
1.694640237444463015e+09
1.694640237454468966e+09
1.694640237464468956e+09
1.694640237474467993e+09
1.694640237484466076e+09
1.694640237494476080e+09
1.694640237504467964e+09
1.694640237514477968e+09
1.694640237524471045e+09
1.694640237534471989e+09
1.694640237544478893e+09
1.694640237554475069e+09
1.694640237564471006e+09
1.694640237574477911e+09
1.694640237584479094e+09
1.694640237594472885e+09
1.694640237604486942e+09
1.694640237614479065e+09
1.694640237624475956e+09
1.694640237634474039e+09
1.694640237644475937e+09
1.694640237654483080e+09
1.694640237664475918e+09
1.694640237674479961e+09
1.694640237684484005e+09
1.694640237694483995e+09
1.694640237704484940e+09
1.694640237714479923e+09
1.694640237724484921e+09
1.694640237734483004e+09
1.694640237744488001e+09
1.694640237754484892e+09
1.694640237764489889e+09
1.694640237774491072e+09
1.694640237784482002e+09
1.694640237794487953e+09
1.694640237804481983e+09
1.694640237814493895e+09
1.694640237824486971e+09
1.694640237834496021e+09
1.694640237844491005e+09
1.694640237854499102e+09
1.694640237864485025e+09
1.694640237874486923e+09
1.694640237884491920e+09
1.694640237894501925e+09
1.694640237904495001e+09
1.694640237914494991e+09
1.694640237924495935e+09
1.694640237934494972e+09
1.694640237944494963e+09
1.694640237954498053e+09
1.694640237964504004e+09
1.694640237974497080e+09
1.694640237984497070e+09
1.694640237994503975e+09
1.694640238004473925e+09
1.694640238014482021e+09
1.694640238024482965e+09
1.694640238034488916e+09
1.694640238044483900e+09
1.694640238054485083e+09
1.694640238064491034e+09
1.694640238074491024e+09
1.694640238084482908e+09
1.694640238094480038e+09
1.694640238104484081e+09
1.694640238114490986e+09
1.694640238124490023e+09
1.694640238134494066e+09
1.694640238144484043e+09
1.694640238154495955e+09
1.694640238164484978e+09
1.694640238174491882e+09
1.694640238184494019e+09
1.694640238194493055e+09
1.694640238204499960e+09
1.694640238214499950e+09
1.694640238224490881e+09
1.694640238234493017e+09
1.694640238244491100e+09
1.694640238254492044e+09
1.694640238264498949e+09
1.694640238274499893e+09
1.694640238284501076e+09
1.694640238294504881e+09
1.694640238304497004e+09
1.694640238314496994e+09
1.694640238324496984e+09
1.694640238334511995e+09
1.694640238344496012e+09
1.694640238354506969e+09
1.694640238364504099e+09
1.694640238374506950e+09
1.694640238384505033e+09
1.694640238394505978e+09
1.694640238404500008e+09
1.694640238414505959e+09
1.694640238424514055e+09
1.694640238434509993e+09
1.694640238444509983e+09
1.694640238454504967e+09
1.694640238464509964e+09
1.694640238474503994e+09
1.694640238484512091e+09
1.694640238494508982e+09
1.694640238504507065e+09
1.694640238514512062e+09
1.694640238524511099e+09
1.694640238534509897e+09
1.694640238544517040e+09
1.694640238554513931e+09
1.694640238564511061e+09
1.694640238574513912e+09
1.694640238584512949e+09
1.694640238594516993e+09
1.694640238604515076e+09
1.694640238614512920e+09
1.694640238624521971e+09
1.694640238634521008e+09
1.694640238644520044e+09
1.694640238654524088e+09
1.694640238664520025e+09
1.694640238674525976e+09
1.694640238684519053e+09
1.694640238694523096e+09
1.694640238704520941e+09
1.694640238714524984e+09
1.694640238724518061e+09
1.694640238734535933e+09
1.694640238744525909e+09
1.694640238754523993e+09
1.694640238764528036e+09
1.694640238774525881e+09
1.694640238784533978e+09
1.694640238794533968e+09
1.694640238804533005e+09
1.694640238814528942e+09
1.694640238824537039e+09
1.694640238834521055e+09
1.694640238844532967e+09
1.694640238854532003e+09
1.694640238864531994e+09
1.694640238874541998e+09
1.694640238884536982e+09
1.694640238894536018e+09
1.694640238904535055e+09
1.694640238914532900e+09
1.694640238924531937e+09
1.694640238934540033e+09
1.694640238944538116e+09
1.694640238954540968e+09
1.694640238964539051e+09
1.694640238974535942e+09
1.694640238984536886e+09
1.694640238994538069e+09
1.694640239004523993e+09
1.694640239014529943e+09
1.694640239024528027e+09
1.694640239034524918e+09
1.694640239044528961e+09
1.694640239054522991e+09
1.694640239064519882e+09
1.694640239074521065e+09
1.694640239084533930e+09
1.694640239094530106e+09
1.694640239104527950e+09
1.694640239114531040e+09
1.694640239124521971e+09
1.694640239134526014e+09
1.694640239144531965e+09
1.694640239154531002e+09
1.694640239164536953e+09
1.694640239174535990e+09
1.694640239184536934e+09
1.694640239194531918e+09
1.694640239204528093e+09
1.694640239214534044e+09
1.694640239224539042e+09
1.694640239234544992e+09
1.694640239244544029e+09
1.694640239254534960e+09
1.694640239264542103e+09
1.694640239274538994e+09
1.694640239284534931e+09
1.694640239294545889e+09
1.694640239304543018e+09
1.694640239314546108e+09
1.694640239324542999e+09
1.694640239334547997e+09
1.694640239344542980e+09
1.694640239354547024e+09
1.694640239364542961e+09
1.694640239374547958e+09
1.694640239384548903e+09
1.694640239394540071e+09
1.694640239404544115e+09
1.694640239414539099e+09
1.694640239424545050e+09
1.694640239434557915e+09
1.694640239444554090e+09
1.694640239454560041e+09
1.694640239464546919e+09
1.694640239474560022e+09
1.694640239484545946e+09
1.694640239494548082e+09
1.694640239504548073e+09
1.694640239514558077e+09
1.694640239524561882e+09
1.694640239534555912e+09
1.694640239544559002e+09
1.694640239554555893e+09
1.694640239564554930e+09
1.694640239574551105e+09
1.694640239584558010e+09
1.694640239594563007e+09
1.694640239604557991e+09
1.694640239614566088e+09
1.694640239624551058e+09
1.694640239634553909e+09
1.694640239644555092e+09
1.694640239654565096e+09
1.694640239664558887e+09
1.694640239674555063e+09
1.694640239684562922e+09
1.694640239694564104e+09
1.694640239704561949e+09
1.694640239714562893e+09
1.694640239724562883e+09
1.694640239734566927e+09
1.694640239744566917e+09
1.694640239754565954e+09
1.694640239764565945e+09
1.694640239774575949e+09
1.694640239784569979e+09
1.694640239794575930e+09
1.694640239804567099e+09
1.694640239814570904e+09
1.694640239824564934e+09
1.694640239834577084e+09
1.694640239844579935e+09
1.694640239854572058e+09
1.694640239864572048e+09
1.694640239874572039e+09
1.694640239884581089e+09
1.694640239894575119e+09
1.694640239904578924e+09
1.694640239914575100e+09
1.694640239924586058e+09
1.694640239934575081e+09
1.694640239944582939e+09
1.694640239954569101e+09
1.694640239964591026e+09
1.694640239974582911e+09
1.694640239984582901e+09
1.694640239994586945e+09
1.694640240004565954e+09
1.694640240014561892e+09
1.694640240024557114e+09
1.694640240034571886e+09
1.694640240044564962e+09
1.694640240054569006e+09
1.694640240064568996e+09
1.694640240074573994e+09
1.694640240084563971e+09
1.694640240094563007e+09
1.694640240104572058e+09
1.694640240114573002e+09
1.694640240124576092e+09
1.694640240134576082e+09
1.694640240144581079e+09
1.694640240154578924e+09
1.694640240164566040e+09
1.694640240174571991e+09
1.694640240184577942e+09
1.694640240194591045e+09
1.694640240204576015e+09
1.694640240214571953e+09
1.694640240224577904e+09
1.694640240234586000e+09
1.694640240244575024e+09
1.694640240254584074e+09
1.694640240264578104e+09
1.694640240274580002e+09
1.694640240284585953e+09
1.694640240294585943e+09
1.694640240304580927e+09
1.694640240314579964e+09
1.694640240324584961e+09
1.694640240334583998e+09
1.694640240344578981e+09
1.694640240354583979e+09
1.694640240364586115e+09
1.694640240374588013e+09
1.694640240384582043e+09
1.694640240394586086e+09
1.694640240404586077e+09
1.694640240414588928e+09
1.694640240424588919e+09
1.694640240434595108e+09
1.694640240444592953e+09
1.694640240454596043e+09
1.694640240464591026e+09
1.694640240474591017e+09
1.694640240484595060e+09
1.694640240494595051e+09
1.694640240504592896e+09
1.694640240514594078e+09
1.694640240524595022e+09
1.694640240534601927e+09
1.694640240544593096e+09
1.694640240554591894e+09
1.694640240564594984e+09
1.694640240574594021e+09
1.694640240584597111e+09
1.694640240594599009e+09
1.694640240604594946e+09
1.694640240614598036e+09
1.694640240624599934e+09
1.694640240634602070e+09
1.694640240644612074e+09
1.694640240654607058e+09
1.694640240664607048e+09
1.694640240674602985e+09
1.694640240684603930e+09
1.694640240694597960e+09
1.694640240704607010e+09
1.694640240714607954e+09
1.694640240724602938e+09
1.694640240734603882e+09
1.694640240744613886e+09
1.694640240754614115e+09
1.694640240764596939e+09
1.694640240774615049e+09
1.694640240784606934e+09
1.694640240794614077e+09
1.694640240804614067e+09
1.694640240814610004e+09
1.694640240824611902e+09
1.694640240834613085e+09
1.694640240844607115e+09
1.694640240854618073e+09
1.694640240864619970e+09
1.694640240874615908e+09
1.694640240884620905e+09
1.694640240894623995e+09
1.694640240904618979e+09
1.694640240914607048e+09
1.694640240924612999e+09
1.694640240934622049e+09
1.694640240944618940e+09
1.694640240954617977e+09
1.694640240964622974e+09
1.694640240974621058e+09
1.694640240984621048e+09
1.694640240994622946e+09
1.694640241004606962e+09
1.694640241014612913e+09
1.694640241024602890e+09
1.694640241034604073e+09
1.694640241044610023e+09
1.694640241054610014e+09
1.694640241064601898e+09
1.694640241074608088e+09
1.694640241084609032e+09
1.694640241094616890e+09
1.694640241104607105e+09
1.694640241114614964e+09
1.694640241124617100e+09
1.694640241134609938e+09
1.694640241144613028e+09
1.694640241154620886e+09
1.694640241164618969e+09
1.694640241174612999e+09
1.694640241184609890e+09
1.694640241194612980e+09
1.694640241204618931e+09
1.694640241214615107e+09
1.694640241224617958e+09
1.694640241234616995e+09
1.694640241244626045e+09
1.694640241254611969e+09
1.694640241264621973e+09
1.694640241274624109e+09
1.694640241284620047e+09
1.694640241294612885e+09
1.694640241304616928e+09
1.694640241314620972e+09
1.694640241324620962e+09
1.694640241334625006e+09
1.694640241344624043e+09
1.694640241354625940e+09
1.694640241364624977e+09
1.694640241374627113e+09
1.694640241384632111e+09
1.694640241394624949e+09
1.694640241404627085e+09
1.694640241414625883e+09
1.694640241424632072e+09
1.694640241434633017e+09
1.694640241444626093e+09
1.694640241454632998e+09
1.694640241464634895e+09
1.694640241474627972e+09
1.694640241484630108e+09
1.694640241494635105e+09
1.694640241504626036e+09
1.694640241514628887e+09
1.694640241524631023e+09
1.694640241534637928e+09
1.694640241544639111e+09
1.694640241554632902e+09
1.694640241564632893e+09
1.694640241574635983e+09
1.694640241584642887e+09
1.694640241594635963e+09
1.694640241604644060e+09
1.694640241614634991e+09
1.694640241624643087e+09
1.694640241634634018e+09
1.694640241644639015e+09
1.694640241654643059e+09
1.694640241664649010e+09
1.694640241674638987e+09
1.694640241684640884e+09
1.694640241694643021e+09
1.694640241704641104e+09
1.694640241714647055e+09
1.694640241724647045e+09
1.694640241734647036e+09
1.694640241744643927e+09
1.694640241754654884e+09
1.694640241764642000e+09
1.694640241774657011e+09
1.694640241784650087e+09
1.694640241794653893e+09
1.694640241804651976e+09
1.694640241814649105e+09
1.694640241824649096e+09
1.694640241834654093e+09
1.694640241844661951e+09
1.694640241854643106e+09
1.694640241864656925e+09
1.694640241874659061e+09
1.694640241884654045e+09
1.694640241894650936e+09
1.694640241904656887e+09
1.694640241914655924e+09
1.694640241924660921e+09
1.694640241934660912e+09
1.694640241944667101e+09
1.694640241954658031e+09
1.694640241964653015e+09
1.694640241974658012e+09
1.694640241984668970e+09
1.694640241994658947e+09
1.694640242004645109e+09
1.694640242014647961e+09
1.694640242024647951e+09
1.694640242034646034e+09
1.694640242044648886e+09
1.694640242054644108e+09
1.694640242064640999e+09
1.694640242074657917e+09
1.694640242084654093e+09
1.694640242094657898e+09
1.694640242104645967e+09
1.694640242114655018e+09
1.694640242124650002e+09
1.694640242134653091e+09
1.694640242144655943e+09
1.694640242154655933e+09
1.694640242164657116e+09
1.694640242174655914e+09
1.694640242184653997e+09
1.694640242194653034e+09
1.694640242204652071e+09
1.694640242214658022e+09
1.694640242224653959e+09
1.694640242234661102e+09
1.694640242244661093e+09
1.694640242254659891e+09
1.694640242264661074e+09
1.694640242274655104e+09
1.694640242284665108e+09
1.694640242294663906e+09
1.694640242304671049e+09
1.694640242314673901e+09
1.694640242324665070e+09
1.694640242334669113e+09
1.694640242344660997e+09
1.694640242354660988e+09
1.694640242364669085e+09
1.694640242374669075e+09
1.694640242384673119e+09
1.694640242394669056e+09
1.694640242404669046e+09
1.694640242414674997e+09
1.694640242424666882e+09
1.694640242434664011e+09
1.694640242444669008e+09
1.694640242454677105e+09
1.694640242464679956e+09
1.694640242474668026e+09
1.694640242484671116e+09
1.694640242494666100e+09
1.694640242504672050e+09
1.694640242514668941e+09
1.694640242524682999e+09
1.694640242534682035e+09
1.694640242544681072e+09
1.694640242554681063e+09
1.694640242564677000e+09
1.694640242574678898e+09
1.694640242584685087e+09
1.694640242594685078e+09
1.694640242604686975e+09
1.694640242614681959e+09
1.694640242624674082e+09
1.694640242634686947e+09
1.694640242644686937e+09
1.694640242654685020e+09
1.694640242664694071e+09
1.694640242674688101e+09
1.694640242684689045e+09
1.694640242694691896e+09
1.694640242704693079e+09
1.694640242714684010e+09
1.694640242724683046e+09
1.694640242734685898e+09
1.694640242744694948e+09
1.694640242754689932e+09
1.694640242764688969e+09
1.694640242774693966e+09
1.694640242784692049e+09
1.694640242794692039e+09
1.694640242804691076e+09
1.694640242814707041e+09
1.694640242824698925e+09
1.694640242834702015e+09
1.694640242844697952e+09
1.694640242854693890e+09
1.694640242864701033e+09
1.694640242874692917e+09
1.694640242884702921e+09
1.694640242894690037e+09
1.694640242904699087e+09
1.694640242914701939e+09
1.694640242924704075e+09
1.694640242934695005e+09
1.694640242944698095e+09
1.694640242954698086e+09
1.694640242964704990e+09
1.694640242974701881e+09
1.694640242984705925e+09
1.694640242994704008e+09
1.694640243004684925e+09
1.694640243014679909e+09
1.694640243024678946e+09
1.694640243034687996e+09
1.694640243044684887e+09
1.694640243054688931e+09
1.694640243064683914e+09
1.694640243074681997e+09
1.694640243084690094e+09
1.694640243094687939e+09
1.694640243104686022e+09
1.694640243114691019e+09
1.694640243124685049e+09
1.694640243134691000e+09
1.694640243144700050e+09
1.694640243154699087e+09
1.694640243164690018e+09
1.694640243174696922e+09
1.694640243184689999e+09
1.694640243194700003e+09
1.694640243204694033e+09
1.694640243214694023e+09
1.694640243224703074e+09
1.694640243234694004e+09
1.694640243244692087e+09
1.694640243254699945e+09
1.694640243264703989e+09
1.694640243274701118e+09
1.694640243284698009e+09
1.694640243294703960e+09
1.694640243304703951e+09
1.694640243314698935e+09
1.694640243324702024e+09
1.694640243334702969e+09
1.694640243344712973e+09
1.694640243354703903e+09
1.694640243364702940e+09
1.694640243374701023e+09
1.694640243384712934e+09
1.694640243394701004e+09
1.694640243404710054e+09
1.694640243414705992e+09
1.694640243424721003e+09
1.694640243434704065e+09
1.694640243444714069e+09
1.694640243454718113e+09
1.694640243464708090e+09
1.694640243474706888e+09
1.694640243484715939e+09
1.694640243494719982e+09
1.694640243504713058e+09
1.694640243514717102e+09
1.694640243524715900e+09
1.694640243534713984e+09
1.694640243544717073e+09
1.694640243554718018e+09
1.694640243564716101e+09
1.694640243574714899e+09
1.694640243584722042e+09
1.694640243594718933e+09
1.694640243604727030e+09
1.694640243614716053e+09
1.694640243624716997e+09
1.694640243634713888e+09
1.694640243644725084e+09
1.694640243654730082e+09
1.694640243664727926e+09
1.694640243674717903e+09
1.694640243684724092e+09
1.694640243694725037e+09
1.694640243704718113e+09
1.694640243714728117e+09
1.694640243724730015e+09
1.694640243734729052e+09
1.694640243744729042e+09
1.694640243754739046e+09
1.694640243764724016e+09
1.694640243774730921e+09
1.694640243784727097e+09
1.694640243794740915e+09
1.694640243804733038e+09
1.694640243814732075e+09
1.694640243824727058e+09
1.694640243834736109e+09
1.694640243844729900e+09
1.694640243854736090e+09
1.694640243864728928e+09
1.694640243874735117e+09
1.694640243884731054e+09
1.694640243894741058e+09
1.694640243904731989e+09
1.694640243914740086e+09
1.694640243924731970e+09
1.694640243934736013e+09
1.694640243944749117e+09
1.694640243954741001e+09
1.694640243964744091e+09
1.694640243974742889e+09
1.694640243984747887e+09
1.694640243994740009e+09
1.694640244004719973e+09
1.694640244014719963e+09
1.694640244024729013e+09
1.694640244034729004e+09
1.694640244044724941e+09
1.694640244054727077e+09
1.694640244064728022e+09
1.694640244074732065e+09
1.694640244084723949e+09
1.694640244094734907e+09
1.694640244104726076e+09
1.694640244114734888e+09
1.694640244124736071e+09
1.694640244134736061e+09
1.694640244144721985e+09
1.694640244154735088e+09
1.694640244164732933e+09
1.694640244174736977e+09
1.694640244184739113e+09
1.694640244194736958e+09
1.694640244204737902e+09
1.694640244214742899e+09
1.694640244224733114e+09
1.694640244234733105e+09
1.694640244244736910e+09
1.694640244254733086e+09
1.694640244264740944e+09
1.694640244274746895e+09
1.694640244284739971e+09
1.694640244294739962e+09
1.694640244304738998e+09
1.694640244314738989e+09
1.694640244324744940e+09
1.694640244334748030e+09
1.694640244344742060e+09
1.694640244354738951e+09
1.694640244364753008e+09
1.694640244374743938e+09
1.694640244384741068e+09
1.694640244394745111e+09
1.694640244404757977e+09
1.694640244414753914e+09
1.694640244424752951e+09
1.694640244434760094e+09
1.694640244444747925e+09
1.694640244454745054e+09
1.694640244464749098e+09
1.694640244474762917e+09
1.694640244484749079e+09
1.694640244494760990e+09
1.694640244504749060e+09
1.694640244514753103e+09
1.694640244524748087e+09
1.694640244534759045e+09
1.694640244544758081e+09
1.694640244554764032e+09
1.694640244564755917e+09
1.694640244574755907e+09
1.694640244584759951e+09
1.694640244594755888e+09
1.694640244604759932e+09
1.694640244614761114e+09
1.694640244624763012e+09
1.694640244634758949e+09
1.694640244644762993e+09
1.694640244654757977e+09
1.694640244664763927e+09
1.694640244674767971e+09
1.694640244684762001e+09
1.694640244694772959e+09
1.694640244704770088e+09
1.694640244714762926e+09
1.694640244724765062e+09
1.694640244734765053e+09
1.694640244744772911e+09
1.694640244754765987e+09
1.694640244764775038e+09
1.694640244774772882e+09
1.694640244784768105e+09
1.694640244794771910e+09
1.694640244804761887e+09
1.694640244814768076e+09
1.694640244824779987e+09
1.694640244834774971e+09
1.694640244844779968e+09
1.694640244854777098e+09
1.694640244864773989e+09
1.694640244874768019e+09
1.694640244884773970e+09
1.694640244894778967e+09
1.694640244904782057e+09
1.694640244914783955e+09
1.694640244924777031e+09
1.694640244934771061e+09
1.694640244944775105e+09
1.694640244954783916e+09
1.694640244964785099e+09
1.694640244974786043e+09
1.694640244984778881e+09
1.694640244994782925e+09
1.694640245004767895e+09
1.694640245014769077e+09
1.694640245024764061e+09
1.694640245034768105e+09
1.694640245044774055e+09
1.694640245054766893e+09
1.694640245064774990e+09
1.694640245074767113e+09
1.694640245084779978e+09
1.694640245094773054e+09
1.694640245104782104e+09
1.694640245114770889e+09
1.694640245124783039e+09
1.694640245134769917e+09
1.694640245144776106e+09
1.694640245154778004e+09
1.694640245164781094e+09
1.694640245174772024e+09
1.694640245184782028e+09
1.694640245194787025e+09
1.694640245204780102e+09
1.694640245214783907e+09
1.694640245224786997e+09
1.694640245234786034e+09
1.694640245244772911e+09
1.694640245254786015e+09
1.694640245264784098e+09
1.694640245274787903e+09
1.694640245284789085e+09
1.694640245294789076e+09
1.694640245304791927e+09
1.694640245314789057e+09
1.694640245324791908e+09
1.694640245334794044e+09
1.694640245344788074e+09
1.694640245354800940e+09
1.694640245364793062e+09
1.694640245374789000e+09
1.694640245384790897e+09
1.694640245394793987e+09
1.694640245404787064e+09
1.694640245414798021e+09
1.694640245424792051e+09
1.694640245434787989e+09
1.694640245444793940e+09
1.694640245454802036e+09
1.694640245464801073e+09
1.694640245474791050e+09
1.694640245484791994e+09
1.694640245494798899e+09
1.694640245504806042e+09
1.694640245514801025e+09
1.694640245524800062e+09
1.694640245534801006e+09
1.694640245544800997e+09
1.694640245554797888e+09
1.694640245564805984e+09
1.694640245574800968e+09
1.694640245584806919e+09
1.694640245594804049e+09
1.694640245604803085e+09
1.694640245614810944e+09
1.694640245624799967e+09
1.694640245634808064e+09
1.694640245644817114e+09
1.694640245654808998e+09
1.694640245664808035e+09
1.694640245674803972e+09
1.694640245684808969e+09
1.694640245694811106e+09
1.694640245704813004e+09
1.694640245714817047e+09
1.694640245724809885e+09
1.694640245734813929e+09
1.694640245744802952e+09
1.694640245754820108e+09
1.694640245764818907e+09
1.694640245774826050e+09
1.694640245784816027e+09
1.694640245794815063e+09
1.694640245804812908e+09
1.694640245814825058e+09
1.694640245824822903e+09
1.694640245834820986e+09
1.694640245844820023e+09
1.694640245854813099e+09
1.694640245864825010e+09
1.694640245874814987e+09
1.694640245884819984e+09
1.694640245894820929e+09
1.694640245904819012e+09
1.694640245914833069e+09
1.694640245924830914e+09
1.694640245934827089e+09
1.694640245944825888e+09
1.694640245954833031e+09
1.694640245964835882e+09
1.694640245974833012e+09
1.694640245984823942e+09
1.694640245994834900e+09
1.694640246004813910e+09
1.694640246014801025e+09
1.694640246024813890e+09
1.694640246034815073e+09
1.694640246044811964e+09
1.694640246054811001e+09
1.694640246064810991e+09
1.694640246074812889e+09
1.694640246084813118e+09
1.694640246094815016e+09
1.694640246104819059e+09
1.694640246114825964e+09
1.694640246124814987e+09
1.694640246134816885e+09
1.694640246144813061e+09
1.694640246154823065e+09
1.694640246164813995e+09
1.694640246174823046e+09
1.694640246184820890e+09
1.694640246194820881e+09
1.694640246204823017e+09
1.694640246214822054e+09
1.694640246224833965e+09
1.694640246234819889e+09
1.694640246244818926e+09
1.694640246254823923e+09
1.694640246264827967e+09
1.694640246274817944e+09
1.694640246284826994e+09
1.694640246294832945e+09
1.694640246304831028e+09
1.694640246314831972e+09
1.694640246324829102e+09
1.694640246334831953e+09
1.694640246344830990e+09
1.694640246354823112e+09
1.694640246364825010e+09
1.694640246374839067e+09
1.694640246384834051e+09
1.694640246394825935e+09
1.694640246404834986e+09
1.694640246414828062e+09
1.694640246424838066e+09
1.694640246434838057e+09
1.694640246444839001e+09
1.694640246454843998e+09
1.694640246464840889e+09
1.694640246474828959e+09
1.694640246484838009e+09
1.694640246494843006e+09
1.694640246504844904e+09
1.694640246514842033e+09
1.694640246524842024e+09
1.694640246534852028e+09
1.694640246544842005e+09
1.694640246554845095e+09
1.694640246564842939e+09
1.694640246574847937e+09
1.694640246584842920e+09
1.694640246594844103e+09
1.694640246604847908e+09
1.694640246614845037e+09
1.694640246624845028e+09
1.694640246634846926e+09
1.694640246644849062e+09
1.694640246654855967e+09
1.694640246664849997e+09
1.694640246674851894e+09
1.694640246684853077e+09
1.694640246694858074e+09
1.694640246704854012e+09
1.694640246714855909e+09
1.694640246724849939e+09
1.694640246734858036e+09
1.694640246744848967e+09
1.694640246754854918e+09
1.694640246764862061e+09
1.694640246774854898e+09
1.694640246784849882e+09
1.694640246794862032e+09
1.694640246804862976e+09
1.694640246814863920e+09
1.694640246824860096e+09
1.694640246834861994e+09
1.694640246844866991e+09
1.694640246854871988e+09
1.694640246864860058e+09
1.694640246874867916e+09
1.694640246884860992e+09
1.694640246894864082e+09
1.694640246904864073e+09
1.694640246914872885e+09
1.694640246924866915e+09
1.694640246934864044e+09
1.694640246944870949e+09
1.694640246954859018e+09
1.694640246964874983e+09
1.694640246974868059e+09
1.694640246984869957e+09
1.694640246994870901e+09
1.694640247004857063e+09
1.694640247014842987e+09
1.694640247024851084e+09
1.694640247034847975e+09
1.694640247044857025e+09
1.694640247054856062e+09
1.694640247064850092e+09
1.694640247074856043e+09
1.694640247084851980e+09
1.694640247094854116e+09
1.694640247104851007e+09
1.694640247114850998e+09
1.694640247124855995e+09
1.694640247134855986e+09
1.694640247144860029e+09
1.694640247154853106e+09
1.694640247164854050e+09
1.694640247174850941e+09
1.694640247184859037e+09
1.694640247194858074e+09
1.694640247204864025e+09
1.694640247214864016e+09
1.694640247224860907e+09
1.694640247234862089e+09
1.694640247244858027e+09
1.694640247254868031e+09
1.694640247264868021e+09
1.694640247274854898e+09
1.694640247284862041e+09
1.694640247294869900e+09
1.694640247304867029e+09
1.694640247314866066e+09
1.694640247324867964e+09
1.694640247334860086e+09
1.694640247344868898e+09
1.694640247354866982e+09
1.694640247364870071e+09
1.694640247374874115e+09
1.694640247384867907e+09
1.694640247394862890e+09
1.694640247404875040e+09
1.694640247414868116e+09
1.694640247424876928e+09
1.694640247434871912e+09
1.694640247444875956e+09
1.694640247454880953e+09
1.694640247464880943e+09
1.694640247474865913e+09
1.694640247484883070e+09
1.694640247494874954e+09
1.694640247504879951e+09
1.694640247514877081e+09
1.694640247524879932e+09
1.694640247534883022e+09
1.694640247544874907e+09
1.694640247554883957e+09
1.694640247564877033e+09
1.694640247574891090e+09
1.694640247584873915e+09
1.694640247594887018e+09
1.694640247604877949e+09
1.694640247614881039e+09
1.694640247624881029e+09
1.694640247634887934e+09
1.694640247644889116e+09
1.694640247654881001e+09
1.694640247664885044e+09
1.694640247674892902e+09
1.694640247684890032e+09
1.694640247694879055e+09
1.694640247704890013e+09
1.694640247714879990e+09
1.694640247724891901e+09
1.694640247734890938e+09
1.694640247744893074e+09
1.694640247754895926e+09
1.694640247764890909e+09
1.694640247774889946e+09
1.694640247784903049e+09
1.694640247794898987e+09
1.694640247804894924e+09
1.694640247814894915e+09
1.694640247824898958e+09
1.694640247834897041e+09
1.694640247844887018e+09
1.694640247854893923e+09
1.694640247864905119e+09
1.694640247874905109e+09
1.694640247884900093e+09
1.694640247894901991e+09
1.694640247904906988e+09
1.694640247914905071e+09
1.694640247924899101e+09
1.694640247934911966e+09
1.694640247944897890e+09
1.694640247954898119e+09
1.694640247964905977e+09
1.694640247974909067e+09
1.694640247984904051e+09
1.694640247994901896e+09
1.694640248004888058e+09
1.694640248014893055e+09
1.694640248024898052e+09
1.694640248034894943e+09
1.694640248044897079e+09
1.694640248054889917e+09
1.694640248064893961e+09
1.694640248074899912e+09
1.694640248084903955e+09
1.694640248094897985e+09
1.694640248104892969e+09
1.694640248114897966e+09
1.694640248124902010e+09
1.694640248134897947e+09
1.694640248144891977e+09
1.694640248154895067e+09
1.694640248164895058e+09
1.694640248174901962e+09
1.694640248184895039e+09
1.694640248194901943e+09
1.694640248204899073e+09
1.694640248214911938e+09
1.694640248224899054e+09
1.694640248234898090e+09
1.694640248244901896e+09
1.694640248254908085e+09
1.694640248264905930e+09
1.694640248274904966e+09
1.694640248284912109e+09
1.694640248294910908e+09
1.694640248304900885e+09
1.694640248314914942e+09
1.694640248324911118e+09
1.694640248334909916e+09
1.694640248344912052e+09
1.694640248354917049e+09
1.694640248364903927e+09
1.694640248374907970e+09
1.694640248384908915e+09
1.694640248394915104e+09
1.694640248404920101e+09
1.694640248414918900e+09
1.694640248424922943e+09
1.694640248434917927e+09
1.694640248444911957e+09
1.694640248454910994e+09
1.694640248464911938e+09
1.694640248474921942e+09
1.694640248484922886e+09
1.694640248494926929e+09
1.694640248504919052e+09
1.694640248514924049e+09
1.694640248524913073e+09
1.694640248534924030e+09
1.694640248544923067e+09
1.694640248554927111e+09
1.694640248564927101e+09
1.694640248574919939e+09
1.694640248584928036e+09
1.694640248594922066e+09
1.694640248604928017e+09
1.694640248614926100e+09
1.694640248624936104e+09
1.694640248634936094e+09
1.694640248644926071e+09
1.694640248654932022e+09
1.694640248664927006e+09
1.694640248674926043e+09
1.694640248684936047e+09
1.694640248694936037e+09
1.694640248704933882e+09
1.694640248714930058e+09
1.694640248724926949e+09
1.694640248734935999e+09
1.694640248744930029e+09
1.694640248754930019e+09
1.694640248764935970e+09
1.694640248774941921e+09
1.694640248784939051e+09
1.694640248794934988e+09
1.694640248804940939e+09
1.694640248814939976e+09
1.694640248824942112e+09
1.694640248834947109e+09
1.694640248844944000e+09
1.694640248854948997e+09
1.694640248864933968e+09
1.694640248874949932e+09
1.694640248884941101e+09
1.694640248894949913e+09
1.694640248904943943e+09
1.694640248914948940e+09
1.694640248924951077e+09
1.694640248934950113e+09
1.694640248944947958e+09
1.694640248954937935e+09
1.694640248964950085e+09
1.694640248974946976e+09
1.694640248984956026e+09
1.694640248994950056e+09
1.694640249004933119e+09
1.694640249014928102e+09
1.694640249024929047e+09
1.694640249034931898e+09
1.694640249044935942e+09
1.694640249054941893e+09
1.694640249064935923e+09
1.694640249074937105e+09
1.694640249084928989e+09
1.694640249094942093e+09
1.694640249104935884e+09
1.694640249114937067e+09
1.694640249124943972e+09
1.694640249134931087e+09
1.694640249144942045e+09
1.694640249154939890e+09
1.694640249164951086e+09
1.694640249174935102e+09
1.694640249184938908e+09
1.694640249194946051e+09
1.694640249204946041e+09
1.694640249214947939e+09
1.694640249224937916e+09
1.694640249234951019e+09
1.694640249244944096e+09
1.694640249254937887e+09
1.694640249264946938e+09
1.694640249274949074e+09
1.694640249284962893e+09
1.694640249294946909e+09
1.694640249304949045e+09
1.694640249314946890e+09
1.694640249324959040e+09
1.694640249334950924e+09
1.694640249344954014e+09
1.694640249354958057e+09
1.694640249364959002e+09
1.694640249374948025e+09
1.694640249384949923e+09
1.694640249394963026e+09
1.694640249404956102e+09
1.694640249414957047e+09
1.694640249424953938e+09
1.694640249434959888e+09
1.694640249444955111e+09
1.694640249454958916e+09
1.694640249464958906e+09
1.694640249474952936e+09
1.694640249484963894e+09
1.694640249494957924e+09
1.694640249504964113e+09
1.694640249514954090e+09
1.694640249524965048e+09
1.694640249534965038e+09
1.694640249544962883e+09
1.694640249554961920e+09
1.694640249564960957e+09
1.694640249574963093e+09
1.694640249584969997e+09
1.694640249594964027e+09
1.694640249604964972e+09
1.694640249614968061e+09
1.694640249624963045e+09
1.694640249634972095e+09
1.694640249644965887e+09
1.694640249654969931e+09
1.694640249664967060e+09
1.694640249674978971e+09
1.694640249684973955e+09
1.694640249694971085e+09
1.694640249704968929e+09
1.694640249714972019e+09
1.694640249724978924e+09
1.694640249734976053e+09
1.694640249744976997e+09
1.694640249754976988e+09
1.694640249764966965e+09
1.694640249774977922e+09
1.694640249784976006e+09
1.694640249794984102e+09
1.694640249804976940e+09
1.694640249814984083e+09
1.694640249824979067e+09
1.694640249834980965e+09
1.694640249844983101e+09
1.694640249854975939e+09
1.694640249864979982e+09
1.694640249874990940e+09
1.694640249884984970e+09
1.694640249894979954e+09
1.694640249904983044e+09
1.694640249914987087e+09
1.694640249924994946e+09
1.694640249934981108e+09
1.694640249944986105e+09
1.694640249954993963e+09
1.694640249964996099e+09
1.694640249974992990e+09
1.694640249984989882e+09
1.694640249994992018e+09
1.694640250004973888e+09
1.694640250014970064e+09
1.694640250024977922e+09
1.694640250034976006e+09
1.694640250044976950e+09
1.694640250054970026e+09
1.694640250064980984e+09
1.694640250074975014e+09
1.694640250084970951e+09
1.694640250094974995e+09
1.694640250104979038e+09
1.694640250114985943e+09
1.694640250124974012e+09
1.694640250134982109e+09
1.694640250144984007e+09
1.694640250154982090e+09
1.694640250164974928e+09
1.694640250174984932e+09
1.694640250184981108e+09
1.694640250194978952e+09
1.694640250204986095e+09
1.694640250214984894e+09
1.694640250224987984e+09
1.694640250234982014e+09
1.694640250244992018e+09
1.694640250254981041e+09
1.694640250264988899e+09
1.694640250274982929e+09
1.694640250284992933e+09
1.694640250294991970e+09
1.694640250304991007e+09
1.694640250314984083e+09
1.694640250324987888e+09
1.694640250334988117e+09
1.694640250344995022e+09
1.694640250354991913e+09
1.694640250364994049e+09
1.694640250374995947e+09
1.694640250384996891e+09
1.694640250394992113e+09
1.694640250404994965e+09
1.694640250414994955e+09
1.694640250425004959e+09
1.694640250434998035e+09
1.694640250445002079e+09
1.694640250454996109e+09
1.694640250464998007e+09
1.694640250474997044e+09
1.694640250484997034e+09
1.694640250495003939e+09
1.694640250505009890e+09
1.694640250515008926e+09
1.694640250524996996e+09
1.694640250535001993e+09
1.694640250545001030e+09
1.694640250555008888e+09
1.694640250565006018e+09
1.694640250575002909e+09
1.694640250585009098e+09
1.694640250595004082e+09
1.694640250605009079e+09
1.694640250615003109e+09
1.694640250625010014e+09
1.694640250635008097e+09
1.694640250645016909e+09
1.694640250655004978e+09
1.694640250665009975e+09
1.694640250675014019e+09
1.694640250685019016e+09
1.694640250695014954e+09
1.694640250705012083e+09
1.694640250715007067e+09
1.694640250725008965e+09
1.694640250735018015e+09
1.694640250745019913e+09
1.694640250755017042e+09
1.694640250765022993e+09
1.694640250775015116e+09
1.694640250785020113e+09
1.694640250795015097e+09
1.694640250805031061e+09
1.694640250815020084e+09
1.694640250825027943e+09
1.694640250835025072e+09
1.694640250845015049e+09
1.694640250855021954e+09
1.694640250865020990e+09
1.694640250875027895e+09
1.694640250885025024e+09
1.694640250895025969e+09
1.694640250905025959e+09
1.694640250915030003e+09
1.694640250925015926e+09
1.694640250935029030e+09
1.694640250945023060e+09
1.694640250955030918e+09
1.694640250965028048e+09
1.694640250975033998e+09
1.694640250985024929e+09
1.694640250995022058e+09
1.694640251005012035e+09
1.694640251015011072e+09
1.694640251025019884e+09
1.694640251035015106e+09
1.694640251045026064e+09
1.694640251055020094e+09
1.694640251065016985e+09
1.694640251075021029e+09
1.694640251085019112e+09
1.694640251095021009e+09
1.694640251105017900e+09
1.694640251115020037e+09
1.694640251125021935e+09
1.694640251135024071e+09
1.694640251145026922e+09
1.694640251155025959e+09
1.694640251165024042e+09
1.694640251175029993e+09
1.694640251185028076e+09
1.694640251195019960e+09
1.694640251205029964e+09
1.694640251215032101e+09
1.694640251225029945e+09
1.694640251235035896e+09
1.694640251245026112e+09
1.694640251255032063e+09
1.694640251265034914e+09
1.694640251275038004e+09
1.694640251285033941e+09
1.694640251295028925e+09
1.694640251305032015e+09
1.694640251315032005e+09
1.694640251325040102e+09
1.694640251335036039e+09
1.694640251345037937e+09
1.694640251355037928e+09
1.694640251365036964e+09
1.694640251375036001e+09
1.694640251385040998e+09
1.694640251395032883e+09
1.694640251405047894e+09
1.694640251415039062e+09
1.694640251425038099e+09
1.694640251435044050e+09
1.694640251445046902e+09
1.694640251455037117e+09
1.694640251465034962e+09
1.694640251475043058e+09
1.694640251485049009e+09
1.694640251495043993e+09
1.694640251505045891e+09
1.694640251515048027e+09
1.694640251525048971e+09
1.694640251535043955e+09
1.694640251545048952e+09
1.694640251555051088e+09
1.694640251565047979e+09
1.694640251575054884e+09
1.694640251585047007e+09
1.694640251595046997e+09
1.694640251605046988e+09
1.694640251615041018e+09
1.694640251625051975e+09
1.694640251635049105e+09
1.694640251645051956e+09
1.694640251655059099e+09
1.694640251665050983e+09
1.694640251675049067e+09
1.694640251685058117e+09
1.694640251695059061e+09
1.694640251705054045e+09
1.694640251715058088e+09
1.694640251725059032e+09
1.694640251735057116e+09
1.694640251745064020e+09
1.694640251755057096e+09
1.694640251765064001e+09
1.694640251775058985e+09
1.694640251785069942e+09
1.694640251795067072e+09
1.694640251805061102e+09
1.694640251815067053e+09
1.694640251825059891e+09
1.694640251835067034e+09
1.694640251845058918e+09
1.694640251855073929e+09
1.694640251865066051e+09
1.694640251875068903e+09
1.694640251885066032e+09
1.694640251895066977e+09
1.694640251905069113e+09
1.694640251915070057e+09
1.694640251925071001e+09
1.694640251935070992e+09
1.694640251945071936e+09
1.694640251955071926e+09
1.694640251965070963e+09
1.694640251975070000e+09
1.694640251985064983e+09
1.694640251995070934e+09
1.694640252005047083e+09
1.694640252015055895e+09
1.694640252025057077e+09
1.694640252035054922e+09
1.694640252045046091e+09
1.694640252055047989e+09
1.694640252065047979e+09
1.694640252075051069e+09
1.694640252085062027e+09
1.694640252095057011e+09
1.694640252105057955e+09
1.694640252115055084e+09
1.694640252125056028e+09
1.694640252135062933e+09
1.694640252145057917e+09
1.694640252155062914e+09
1.694640252165056944e+09
1.694640252175062895e+09
1.694640252185062885e+09
1.694640252195064068e+09
1.694640252205054998e+09
1.694640252215066910e+09
1.694640252225056887e+09
1.694640252235078096e+09
1.694640252245064020e+09
1.694640252255064964e+09
1.694640252265067101e+09
1.694640252275064945e+09
1.694640252285068035e+09
1.694640252295062065e+09
1.694640252305069923e+09
1.694640252315071106e+09
1.694640252325073957e+09
1.694640252335074902e+09
1.694640252345068932e+09
1.694640252355063915e+09
1.694640252365072966e+09
1.694640252375082016e+09
1.694640252385070086e+09
1.694640252395080090e+09
1.694640252405075073e+09
1.694640252415074110e+09
1.694640252425070047e+09
1.694640252435076952e+09
1.694640252445076942e+09
1.694640252455070019e+09
1.694640252465085983e+09
1.694640252475080013e+09
1.694640252485088110e+09
1.694640252495074987e+09
1.694640252505070925e+09
1.694640252515078068e+09
1.694640252525093079e+09
1.694640252535087109e+09
1.694640252545084000e+09
1.694640252555079937e+09
1.694640252565083981e+09
1.694640252575076103e+09
1.694640252585078001e+09
1.694640252595093012e+09
1.694640252605087042e+09
1.694640252615092993e+09
1.694640252625091076e+09
1.694640252635091066e+09
1.694640252645087004e+09
1.694640252655091047e+09
1.694640252665091038e+09
1.694640252675092936e+09
1.694640252685092926e+09
1.694640252695096970e+09
1.694640252705091000e+09
1.694640252715085983e+09
1.694640252725089073e+09
1.694640252735095024e+09
1.694640252745093107e+09
1.694640252755098104e+09
1.694640252765100956e+09
1.694640252775094032e+09
1.694640252785089016e+09
1.694640252795089006e+09
1.694640252805100918e+09
1.694640252815105915e+09
1.694640252825104952e+09
1.694640252835099936e+09
1.694640252845102072e+09
1.694640252855096102e+09
1.694640252865102053e+09
1.694640252875102043e+09
1.694640252885101080e+09
1.694640252895100117e+09
1.694640252905102968e+09
1.694640252915105104e+09
1.694640252925101042e+09
1.694640252935115099e+09
1.694640252945106983e+09
1.694640252955105066e+09
1.694640252965106010e+09
1.694640252975115061e+09
1.694640252985110044e+09
1.694640252995117903e+09
1.694640253005095959e+09
1.694640253015095949e+09
1.694640253025094032e+09
1.694640253035093069e+09
1.694640253045106888e+09
1.694640253055098057e+09
1.694640253065102100e+09
1.694640253075100899e+09
1.694640253085099936e+09
1.694640253095098972e+09
1.694640253105096102e+09
1.694640253115099907e+09
1.694640253125098944e+09
1.694640253135107040e+09
1.694640253145103931e+09
1.694640253155108929e+09
1.694640253165098906e+09
1.694640253175103903e+09
1.694640253185107946e+09
1.694640253195112944e+09
1.694640253205112934e+09
1.694640253215107918e+09
1.694640253225110054e+09
1.694640253235111952e+09
1.694640253245112896e+09
1.694640253255110025e+09
1.694640253265119076e+09
1.694640253275106907e+09
1.694640253285104036e+09
1.694640253295111895e+09
1.694640253305118084e+09
1.694640253315108061e+09
1.694640253325110912e+09
1.694640253335109949e+09
1.694640253345118046e+09
1.694640253355110884e+09
1.694640253365119934e+09
1.694640253375119925e+09
1.694640253385123014e+09
1.694640253395119905e+09
1.694640253405117035e+09
1.694640253415121078e+09
1.694640253425121069e+09
1.694640253435122013e+09
1.694640253445122004e+09
1.694640253455121040e+09
1.694640253465110064e+09
1.694640253475121975e+09
1.694640253485121965e+09
1.694640253495127916e+09
1.694640253505119085e+09
1.694640253515117884e+09
1.694640253525125980e+09
1.694640253535130978e+09
1.694640253545120955e+09
1.694640253555128098e+09
1.694640253565129042e+09
1.694640253575135946e+09
1.694640253585127115e+09
1.694640253595132113e+09
1.694640253605132103e+09
1.694640253615123987e+09
1.694640253625133991e+09
1.694640253635130882e+09
1.694640253645132065e+09
1.694640253655143023e+09
1.694640253665137053e+09
1.694640253675134897e+09
1.694640253685127974e+09
1.694640253695132017e+09
1.694640253705144882e+09
1.694640253715137959e+09
1.694640253725132942e+09
1.694640253735140085e+09
1.694640253745140076e+09
1.694640253755143881e+09
1.694640253765140057e+09
1.694640253775142908e+09
1.694640253785140038e+09
1.694640253795145988e+09
1.694640253805139065e+09
1.694640253815140963e+09
1.694640253825145006e+09
1.694640253835146904e+09
1.694640253845138073e+09
1.694640253855153084e+09
1.694640253865137100e+09
1.694640253875147104e+09
1.694640253885142088e+09
1.694640253895153999e+09
1.694640253905153036e+09
1.694640253915143013e+09
1.694640253925143003e+09
1.694640253935146093e+09
1.694640253945152998e+09
1.694640253955151081e+09
1.694640253965147972e+09
1.694640253975151062e+09
1.694640253985152960e+09
1.694640253995146036e+09
1.694640254005131960e+09
1.694640254015134096e+09
1.694640254025134087e+09
1.694640254035135984e+09
1.694640254045140028e+09
1.694640254055135012e+09
1.694640254065138102e+09
1.694640254075135946e+09
1.694640254085135937e+09
1.694640254095138073e+09
1.694640254105139971e+09
1.694640254115139008e+09
1.694640254125140905e+09
1.694640254135143042e+09
1.694640254145137072e+09
1.694640254155138016e+09
1.694640254165138960e+09
1.694640254175152063e+09
1.694640254185147047e+09
1.694640254195147038e+09
1.694640254205137968e+09
1.694640254215146065e+09
1.694640254225143909e+09
1.694640254235153913e+09
1.694640254245147943e+09
1.694640254255155087e+09
1.694640254265150070e+09
1.694640254275149107e+09
1.694640254285155058e+09
1.694640254295161963e+09
1.694640254305141926e+09
1.694640254315152884e+09
1.694640254325158119e+09
1.694640254335146904e+09
1.694640254345158100e+09
1.694640254355156898e+09
1.694640254365153074e+09
1.694640254375154972e+09
1.694640254385159016e+09
1.694640254395154953e+09
1.694640254405158997e+09
1.694640254415163040e+09
1.694640254425160885e+09
1.694640254435152054e+09
1.694640254445162058e+09
1.694640254455158949e+09
1.694640254465159893e+09
1.694640254475167036e+09
1.694640254485162020e+09
1.694640254495163918e+09
1.694640254505160093e+09
1.694640254515158892e+09
1.694640254525156975e+09
1.694640254535171032e+09
1.694640254545161963e+09
1.694640254555166960e+09
1.694640254565164089e+09
1.694640254575166941e+09
1.694640254585169077e+09
1.694640254595175028e+09
1.694640254605161905e+09
1.694640254615175009e+09
1.694640254625165939e+09
1.694640254635174990e+09
1.694640254645169973e+09
1.694640254655173063e+09
1.694640254665178061e+09
1.694640254675167084e+09
1.694640254685172081e+09
1.694640254695173025e+09
1.694640254705177069e+09
1.694640254715173006e+09
1.694640254725179911e+09
1.694640254735182047e+09
1.694640254745174885e+09
1.694640254755181074e+09
1.694640254765177965e+09
1.694640254775185108e+09
1.694640254785180092e+09
1.694640254795182943e+09
1.694640254805183887e+09
1.694640254815176964e+09
1.694640254825176954e+09
1.694640254835185051e+09
1.694640254845185041e+09
1.694640254855185986e+09
1.694640254865190029e+09
1.694640254875194073e+09
1.694640254885189056e+09
1.694640254895184040e+09
1.694640254905188084e+09
1.694640254915189981e+09
1.694640254925192118e+09
1.694640254935193062e+09
1.694640254945189953e+09
1.694640254955193043e+09
1.694640254965190887e+09
1.694640254975183964e+09
1.694640254985194921e+09
1.694640254995193005e+09
1.694640255005183935e+09
1.694640255015182972e+09
1.694640255025177956e+09
1.694640255035176992e+09
1.694640255045177937e+09
1.694640255055172920e+09
1.694640255065181971e+09
1.694640255075175047e+09
1.694640255085179090e+09
1.694640255095175028e+09
1.694640255105178118e+09
1.694640255115184069e+09
1.694640255125174999e+09
1.694640255135183096e+09
1.694640255145184040e+09
1.694640255155189037e+09
1.694640255165182114e+09
1.694640255175189972e+09
1.694640255185188055e+09
1.694640255195189953e+09
1.694640255205182076e+09
1.694640255215193033e+09
1.694640255225189924e+09
1.694640255235191107e+09
1.694640255245184898e+09
1.694640255255192995e+09
1.694640255265192032e+09
1.694640255275192976e+09
1.694640255285188913e+09
1.694640255295192003e+09
1.694640255305193901e+09
1.694640255315192938e+09
1.694640255325195074e+09
1.694640255335199118e+09
1.694640255345201015e+09
1.694640255355195045e+09
1.694640255365196943e+09
1.694640255375199080e+09
1.694640255385202885e+09
1.694640255395200968e+09
1.694640255405195951e+09
1.694640255415205956e+09
1.694640255425205946e+09
1.694640255435200930e+09
1.694640255445202112e+09
1.694640255455194950e+09
1.694640255465195894e+09
1.694640255475199938e+09
1.694640255485214949e+09
1.694640255495210886e+09
1.694640255505198002e+09
1.694640255515202999e+09
1.694640255525207996e+09
1.694640255535206079e+09
1.694640255545205116e+09
1.694640255555211067e+09
1.694640255565216064e+09
1.694640255575212002e+09
1.694640255585206032e+09
1.694640255595206976e+09
1.694640255605209112e+09
1.694640255615212917e+09
1.694640255625211000e+09
1.694640255635215998e+09
1.694640255645206928e+09
1.694640255655216932e+09
1.694640255665218115e+09
1.694640255675219059e+09
1.694640255685214043e+09
1.694640255695228100e+09
1.694640255705215931e+09
1.694640255715219021e+09
1.694640255725215912e+09
1.694640255735215902e+09
1.694640255745223999e+09
1.694640255755213976e+09
1.694640255765218019e+09
1.694640255775214911e+09
1.694640255785222054e+09
1.694640255795212030e+09
1.694640255805218935e+09
1.694640255815226078e+09
1.694640255825228930e+09
1.694640255835223913e+09
1.694640255845221996e+09
1.694640255855227947e+09
1.694640255865228891e+09
1.694640255875225067e+09
1.694640255885222912e+09
1.694640255895226002e+09
1.694640255905225039e+09
1.694640255915230036e+09
1.694640255925232887e+09
1.694640255935233116e+09
1.694640255945230007e+09
1.694640255955225945e+09
1.694640255965231895e+09
1.694640255975227118e+09
1.694640255985239983e+09
1.694640255995234966e+09
1.694640256005215883e+09
1.694640256015212059e+09
1.694640256025208950e+09
1.694640256035217047e+09
1.694640256045212984e+09
1.694640256055213928e+09
1.694640256065228939e+09
1.694640256075223923e+09
1.694640256085216045e+09
1.694640256095211029e+09
1.694640256105220079e+09
1.694640256115214109e+09
1.694640256125222921e+09
1.694640256135221004e+09
1.694640256145220041e+09
1.694640256155224085e+09
1.694640256165220022e+09
1.694640256175220013e+09
1.694640256185228109e+09
1.694640256195229053e+09
1.694640256205229044e+09
1.694640256215231895e+09
1.694640256225227118e+09
1.694640256235229969e+09
1.694640256245223999e+09
1.694640256255218029e+09
1.694640256265230894e+09
1.694640256275228977e+09
1.694640256285238981e+09
1.694640256295228004e+09
1.694640256305228949e+09
1.694640256315226078e+09
1.694640256325225115e+09
1.694640256335237980e+09
1.694640256345231056e+09
1.694640256355242968e+09
1.694640256365235090e+09
1.694640256375240088e+09
1.694640256385231018e+09
1.694640256395231009e+09
1.694640256405245066e+09
1.694640256415237904e+09
1.694640256425240993e+09
1.694640256435236931e+09
1.694640256445244074e+09
1.694640256455246925e+09
1.694640256465239048e+09
1.694640256475243092e+09
1.694640256485249996e+09
1.694640256495242119e+09
1.694640256505250931e+09
1.694640256515244007e+09
1.694640256525242090e+09
1.694640256535248041e+09
1.694640256545243979e+09
1.694640256555242062e+09
1.694640256565247059e+09
1.694640256575244904e+09
1.694640256585247993e+09
1.694640256595247984e+09
1.694640256605251074e+09
1.694640256615252018e+09
1.694640256625248909e+09
1.694640256635251999e+09
1.694640256645246029e+09
1.694640256655256987e+09
1.694640256665250063e+09
1.694640256675260067e+09
1.694640256685256958e+09
1.694640256695250034e+09
1.694640256705260038e+09
1.694640256715250015e+09
1.694640256725267887e+09
1.694640256735249996e+09
1.694640256745259047e+09
1.694640256755261898e+09
1.694640256765259027e+09
1.694640256775252104e+09
1.694640256785259962e+09
1.694640256795253992e+09
1.694640256805267096e+09
1.694640256815260887e+09
1.694640256825268030e+09
1.694640256835262060e+09
1.694640256845267057e+09
1.694640256855258942e+09
1.694640256865269899e+09
1.694640256875258923e+09
1.694640256885272026e+09
1.694640256895265102e+09
1.694640256905271053e+09
1.694640256915268898e+09
1.694640256925267935e+09
1.694640256935265064e+09
1.694640256945274115e+09
1.694640256955279112e+09
1.694640256965270042e+09
1.694640256975267887e+09
1.694640256985274076e+09
1.694640256995274067e+09
1.694640257005263090e+09
1.694640257015270948e+09
1.694640257025269985e+09
1.694640257035274029e+09
1.694640257045265913e+09
1.694640257055269957e+09
1.694640257065274000e+09
1.694640257075273991e+09
1.694640257085267067e+09
1.694640257095277071e+09
1.694640257105268955e+09
1.694640257115281105e+09
1.694640257125267982e+09
1.694640257135277987e+09
1.694640257145273924e+09
1.694640257155278921e+09
1.694640257165273905e+09
1.694640257175276041e+09
1.694640257185277939e+09
1.694640257195277929e+09
1.694640257205279112e+09
1.694640257215277910e+09
1.694640257225281000e+09
1.694640257235275984e+09
1.694640257245282888e+09
1.694640257255271912e+09
1.694640257265290022e+09
1.694640257275280952e+09
1.694640257285283089e+09
1.694640257295281887e+09
1.694640257305290937e+09
1.694640257315283060e+09
1.694640257325284958e+09
1.694640257335288048e+09
1.694640257345293045e+09
1.694640257355283976e+09
1.694640257365287066e+09
1.694640257375288010e+09
1.694640257385282993e+09
1.694640257395291090e+09
1.694640257405288935e+09
1.694640257415293932e+09
1.694640257425297022e+09
1.694640257435295105e+09
1.694640257445295095e+09
1.694640257455290079e+09
1.694640257465286970e+09
1.694640257475291014e+09
1.694640257485296965e+09
1.694640257495296955e+09
1.694640257505300045e+09
1.694640257515297890e+09
1.694640257525293112e+09
1.694640257535290003e+09
1.694640257545291901e+09
1.694640257555301905e+09
1.694640257565301895e+09
1.694640257575298071e+09
1.694640257585308075e+09
1.694640257595294952e+09
1.694640257605304003e+09
1.694640257615303993e+09
1.694640257625305891e+09
1.694640257635298967e+09
1.694640257645303965e+09
1.694640257655313969e+09
1.694640257665302038e+09
1.694640257675313950e+09
1.694640257685296059e+09
1.694640257695316076e+09
1.694640257705305099e+09
1.694640257715316057e+09
1.694640257725313902e+09
1.694640257735313892e+09
1.694640257745311975e+09
1.694640257755307913e+09
1.694640257765307903e+09
1.694640257775312901e+09
1.694640257785315037e+09
1.694640257795310974e+09
1.694640257805310965e+09
1.694640257815315962e+09
1.694640257825313091e+09
1.694640257835305929e+09
1.694640257845320940e+09
1.694640257855318069e+09
1.694640257865317106e+09
1.694640257875314951e+09
1.694640257885318041e+09
1.694640257895324945e+09
1.694640257905313015e+09
1.694640257915322065e+09
1.694640257925313950e+09
1.694640257935329914e+09
1.694640257945327044e+09
1.694640257955322027e+09
1.694640257965331078e+09
1.694640257975322962e+09
1.694640257985328913e+09
1.694640257995325089e+09
1.694640258005296946e+09
1.694640258015290022e+09
1.694640258025295973e+09
1.694640258035296917e+09
1.694640258045299053e+09
1.694640258055289984e+09
1.694640258065303087e+09
1.694640258075298071e+09
1.694640258085304022e+09
1.694640258095305920e+09
1.694640258105294943e+09
1.694640258115305901e+09
1.694640258125299931e+09
1.694640258135294914e+09
1.694640258145301104e+09
1.694640258155299902e+09
1.694640258165307999e+09
1.694640258175298929e+09
1.694640258185307026e+09
1.694640258195312023e+09
1.694640258205307961e+09
1.694640258215303898e+09
1.694640258225306988e+09
1.694640258235311985e+09
1.694640258245310068e+09
1.694640258255307913e+09
1.694640258265310049e+09
1.694640258275319099e+09
1.694640258285310030e+09
1.694640258295316935e+09
1.694640258305316925e+09
1.694640258315319061e+09
1.694640258325313091e+09
1.694640258335321903e+09
1.694640258345318079e+09
1.694640258355323076e+09
1.694640258365309000e+09
1.694640258375313044e+09
1.694640258385313034e+09
1.694640258395318985e+09
1.694640258405317068e+09
1.694640258415318012e+09
1.694640258425319910e+09
1.694640258435322046e+09
1.694640258445317984e+09
1.694640258455322981e+09
1.694640258465322018e+09
1.694640258475332022e+09
1.694640258485321999e+09
1.694640258495325089e+09
1.694640258505314112e+09
1.694640258515327930e+09
1.694640258525329113e+09
1.694640258535331964e+09
1.694640258545321941e+09
1.694640258555329084e+09
1.694640258565335989e+09
1.694640258575330973e+09
1.694640258585328102e+09
1.694640258595325947e+09
1.694640258605330944e+09
1.694640258615331888e+09
1.694640258625333071e+09
1.694640258635334015e+09
1.694640258645329952e+09
1.694640258655328989e+09
1.694640258665324926e+09
1.694640258675343037e+09
1.694640258685331106e+09
1.694640258695339918e+09
1.694640258705332041e+09
1.694640258715337992e+09
1.694640258725333929e+09
1.694640258735328913e+09
1.694640258745335102e+09
1.694640258755336046e+09
1.694640258765346050e+09
1.694640258775345087e+09
1.694640258785347939e+09
1.694640258795341015e+09
1.694640258805341959e+09
1.694640258815345049e+09
1.694640258825342894e+09
1.694640258835346937e+09
1.694640258845343113e+09
1.694640258855340958e+09
1.694640258865353107e+09
1.694640258875343084e+09
1.694640258885339022e+09
1.694640258895347118e+09
1.694640258905345917e+09
1.694640258915357113e+09
1.694640258925359964e+09
1.694640258935350895e+09
1.694640258945349932e+09
1.694640258955354929e+09
1.694640258965347052e+09
1.694640258975352049e+09
1.694640258985354900e+09
1.694640258995351076e+09
1.694640259005335093e+09
1.694640259015335083e+09
1.694640259025331020e+09
1.694640259035337925e+09
1.694640259045341015e+09
1.694640259055330992e+09
1.694640259065336943e+09
1.694640259075330973e+09
1.694640259085339069e+09
1.694640259095334053e+09
1.694640259105343103e+09
1.694640259115335941e+09
1.694640259125340939e+09
1.694640259135341883e+09
1.694640259145343065e+09
1.694640259155344963e+09
1.694640259165338993e+09
1.694640259175344944e+09
1.694640259185344934e+09
1.694640259195348024e+09
1.694640259205342054e+09
1.694640259215354919e+09
1.694640259225351095e+09
1.694640259235352993e+09
1.694640259245346069e+09
1.694640259255346060e+09
1.694640259265340090e+09
1.694640259275351048e+09
1.694640259285351038e+09
1.694640259295346975e+09
1.694640259305349112e+09
1.694640259315349102e+09
1.694640259325356007e+09
1.694640259335345984e+09
1.694640259345354080e+09
1.694640259355348110e+09
1.694640259365351915e+09
1.694640259375353098e+09
1.694640259385351896e+09
1.694640259395358086e+09
1.694640259405359983e+09
1.694640259415353060e+09
1.694640259425357103e+09
1.694640259435358047e+09
1.694640259445364952e+09
1.694640259455354929e+09
1.694640259465361118e+09
1.694640259475358009e+09
1.694640259485366106e+09
1.694640259495357037e+09
1.694640259505358934e+09
1.694640259515367031e+09
1.694640259525367022e+09
1.694640259535365105e+09
1.694640259545365095e+09
1.694640259555373907e+09
1.694640259565362930e+09
1.694640259575366974e+09
1.694640259585364103e+09
1.694640259595371962e+09
1.694640259605364084e+09
1.694640259615370989e+09
1.694640259625380039e+09
1.694640259635379076e+09
1.694640259645364046e+09
1.694640259655370951e+09
1.694640259665369034e+09
1.694640259675369024e+09
1.694640259685373068e+09
1.694640259695374966e+09
1.694640259705377102e+09
1.694640259715373039e+09
1.694640259725368977e+09
1.694640259735372066e+09
1.694640259745381117e+09
1.694640259755381107e+09
1.694640259765372038e+09
1.694640259775378942e+09
1.694640259785377026e+09
1.694640259795387030e+09
1.694640259805382967e+09
1.694640259815382957e+09
1.694640259825390100e+09
1.694640259835376024e+09
1.694640259845383883e+09
1.694640259855381966e+09
1.694640259865382910e+09
1.694640259875381947e+09
1.694640259885380983e+09
1.694640259895389080e+09
1.694640259905379057e+09
1.694640259915390968e+09
1.694640259925389051e+09
1.694640259935383081e+09
1.694640259945388079e+09
1.694640259955393076e+09
1.694640259965393066e+09
1.694640259975399971e+09
1.694640259985399961e+09
1.694640259995395899e+09
1.694640260005389929e+09
1.694640260015379906e+09
1.694640260025388956e+09
1.694640260035387039e+09
1.694640260045397997e+09
1.694640260055389881e+09
1.694640260065390110e+09
1.694640260075396061e+09
1.694640260085388899e+09
1.694640260095383883e+09
1.694640260105395079e+09
1.694640260115401030e+09
1.694640260125397921e+09
1.694640260135396957e+09
1.694640260145397902e+09
1.694640260155395985e+09
1.694640260165395975e+09
1.694640260175389051e+09
1.694640260185401917e+09
1.694640260195405006e+09
1.694640260205399036e+09
1.694640260215399981e+09
1.694640260225394964e+09
1.694640260235394001e+09
1.694640260245398045e+09
1.694640260255403042e+09
1.694640260265405893e+09
1.694640260275412083e+09
1.694640260285402060e+09
1.694640260295413017e+09
1.694640260305406094e+09
1.694640260315406084e+09
1.694640260325407028e+09
1.694640260335403919e+09
1.694640260345410109e+09
1.694640260355405092e+09
1.694640260365411997e+09
1.694640260375406027e+09
1.694640260385411978e+09
1.694640260395409107e+09
1.694640260405411959e+09
1.694640260415410995e+09
1.694640260425421000e+09
1.694640260435411930e+09
1.694640260445410967e+09
1.694640260455411911e+09
1.694640260465410948e+09
1.694640260475414038e+09
1.694640260485405922e+09
1.694640260495418072e+09
1.694640260505419016e+09
1.694640260515424013e+09
1.694640260525422096e+09
1.694640260535418987e+09
1.694640260545418024e+09
1.694640260555421114e+09
1.694640260565423012e+09
1.694640260575419903e+09
1.694640260585431099e+09
1.694640260595429897e+09
1.694640260605418921e+09
1.694640260615413904e+09
1.694640260625417948e+09
1.694640260635422945e+09
1.694640260645426989e+09
1.694640260655426979e+09
1.694640260665421009e+09
1.694640260675435066e+09
1.694640260685427904e+09
1.694640260695421934e+09
1.694640260705425024e+09
1.694640260715428114e+09
1.694640260725425959e+09
1.694640260735430956e+09
1.694640260745440006e+09
1.694640260755435944e+09
1.694640260765427113e+09
1.694640260775433064e+09
1.694640260785429955e+09
1.694640260795439959e+09
1.694640260805433989e+09
1.694640260815437078e+09
1.694640260825431108e+09
1.694640260835441113e+09
1.694640260845439911e+09
1.694640260855443001e+09
1.694640260865433931e+09
1.694640260875439882e+09
1.694640260885433912e+09
1.694640260895442963e+09
1.694640260905443907e+09
1.694640260915438890e+09
1.694640260925437927e+09
1.694640260935445070e+09
1.694640260945441961e+09
1.694640260955451012e+09
1.694640260965440989e+09
1.694640260975449085e+09
1.694640260985446930e+09
1.694640260995450020e+09
1.694640261005408049e+09
1.694640261015413046e+09
1.694640261025417089e+09
1.694640261035418987e+09
1.694640261045418024e+09
1.694640261055416107e+09
1.694640261065419912e+09
1.694640261075416088e+09
1.694640261085416079e+09
1.694640261095418930e+09
1.694640261105423927e+09
1.694640261115421057e+09
1.694640261125422001e+09
1.694640261135421038e+09
1.694640261145425081e+09
1.694640261155416965e+09
1.694640261165416002e+09
1.694640261175424099e+09
1.694640261185426950e+09
1.694640261195434093e+09
1.694640261205420971e+09
1.694640261215420008e+09
1.694640261225425959e+09
1.694640261235425949e+09
1.694640261245433092e+09
1.694640261255426884e+09
1.694640261265428066e+09
1.694640261275437117e+09
1.694640261285430908e+09
1.694640261295425892e+09
1.694640261305435896e+09
1.694640261315428019e+09
1.694640261325433016e+09
1.694640261335433006e+09
1.694640261345438004e+09
1.694640261355432987e+09
1.694640261365437984e+09
1.694640261375432968e+09
1.694640261385440111e+09
1.694640261395438910e+09
1.694640261405437946e+09
1.694640261415438890e+09
1.694640261425437927e+09
1.694640261435440063e+09
1.694640261445447922e+09
1.694640261455432892e+09
1.694640261465445042e+09
1.694640261475440025e+09
1.694640261485454082e+09
1.694640261495446920e+09
1.694640261505439043e+09
1.694640261515441895e+09
1.694640261525439024e+09
1.694640261535445929e+09
1.694640261545445919e+09
1.694640261555444956e+09
1.694640261565444946e+09
1.694640261575448036e+09
1.694640261585448027e+09
1.694640261595442057e+09
1.694640261605442047e+09
1.694640261615452051e+09
1.694640261625463963e+09
1.694640261635452032e+09
1.694640261645458937e+09
1.694640261655450106e+09
1.694640261665457010e+09
1.694640261675450087e+09
1.694640261685452938e+09
1.694640261695455074e+09
1.694640261705451965e+09
1.694640261715459108e+09
1.694640261725450993e+09
1.694640261735461950e+09
1.694640261745448112e+09
1.694640261755451918e+09
1.694640261765454054e+09
1.694640261775458097e+09
1.694640261785463095e+09
1.694640261795463085e+09
1.694640261805461884e+09
1.694640261815462112e+09
1.694640261825455904e+09
1.694640261835464954e+09
1.694640261845459938e+09
1.694640261855459929e+09
1.694640261865467072e+09
1.694640261875468016e+09
1.694640261885458946e+09
1.694640261895462990e+09
1.694640261905467033e+09
1.694640261915465117e+09
1.694640261925472021e+09
1.694640261935468912e+09
1.694640261945473909e+09
1.694640261955467939e+09
1.694640261965470076e+09
1.694640261975465059e+09
1.694640261985475063e+09
1.694640261995469093e+09
1.694640262005462885e+09
1.694640262015465021e+09
1.694640262025468111e+09
1.694640262035459042e+09
1.694640262045463085e+09
1.694640262055460930e+09
1.694640262065466881e+09
1.694640262075470924e+09
1.694640262085469961e+09
1.694640262095474005e+09
1.694640262105473995e+09
1.694640262115468979e+09
1.694640262125472069e+09
1.694640262135478020e+09
1.694640262145466089e+09
1.694640262155479908e+09
1.694640262165465117e+09
1.694640262175481081e+09
1.694640262185468912e+09
1.694640262195477009e+09
1.694640262205475092e+09
1.694640262215472937e+09
1.694640262225483894e+09
1.694640262235479116e+09
1.694640262245481968e+09
1.694640262255474091e+09
1.694640262265484095e+09
1.694640262275480986e+09
1.694640262285480976e+09
1.694640262295485020e+09
1.694640262305476904e+09
1.694640262315484047e+09
1.694640262325490952e+09
1.694640262335484982e+09
1.694640262345489025e+09
1.694640262355485916e+09
1.694640262365483046e+09
1.694640262375483036e+09
1.694640262385483980e+09
1.694640262395490885e+09
1.694640262405493021e+09
1.694640262415488005e+09
1.694640262425484896e+09
1.694640262435484886e+09
1.694640262445491076e+09
1.694640262455488920e+09
1.694640262465497017e+09
1.694640262475492001e+09
1.694640262485486984e+09
1.694640262495496035e+09
1.694640262505492926e+09
1.694640262515496016e+09
1.694640262525505066e+09
1.694640262535505056e+09
1.694640262545507908e+09
1.694640262555493116e+09
1.694640262565495014e+09
1.694640262575489044e+09
1.694640262585499048e+09
1.694640262595494032e+09
1.694640262605503082e+09
1.694640262615508080e+09
1.694640262625500917e+09
1.694640262635504007e+09
1.694640262645495892e+09
1.694640262655499935e+09
1.694640262665503979e+09
1.694640262675504923e+09
1.694640262685511112e+09
1.694640262695508957e+09
1.694640262705509901e+09
1.694640262715506077e+09
1.694640262725502968e+09
1.694640262735502005e+09
1.694640262745507002e+09
1.694640262755517960e+09
1.694640262765506029e+09
1.694640262775511980e+09
1.694640262785509109e+09
1.694640262795506954e+09
1.694640262805506945e+09
1.694640262815516949e+09
1.694640262825510979e+09
1.694640262835513115e+09
1.694640262845505953e+09
1.694640262855515957e+09
1.694640262865513086e+09
1.694640262875518084e+09
1.694640262885514021e+09
1.694640262895514011e+09
1.694640262905519962e+09
1.694640262915524960e+09
1.694640262925518990e+09
1.694640262935516119e+09
1.694640262945513010e+09
1.694640262955518007e+09
1.694640262965526104e+09
1.694640262975517988e+09
1.694640262985528946e+09
1.694640262995518923e+09
1.694640263005502939e+09
1.694640263015502930e+09
1.694640263025502920e+09
1.694640263035507917e+09
1.694640263045510054e+09
1.694640263055515051e+09
1.694640263065510035e+09
1.694640263075508118e+09
1.694640263085516930e+09
1.694640263095519066e+09
1.694640263105514050e+09
1.694640263115515947e+09
1.694640263125518084e+09
1.694640263135514975e+09
1.694640263145515919e+09
1.694640263155519009e+09
1.694640263165515900e+09
1.694640263175524950e+09
1.694640263185513020e+09
1.694640263195518017e+09
1.694640263205523968e+09
1.694640263215514898e+09
1.694640263225531101e+09
1.694640263235515118e+09
1.694640263245523930e+09
1.694640263255521059e+09
1.694640263265528917e+09
1.694640263275531054e+09
1.694640263285526037e+09
1.694640263295521975e+09
1.694640263305533886e+09
1.694640263315522909e+09
1.694640263325532913e+09
1.694640263335526943e+09
1.694640263345529079e+09
1.694640263355535984e+09
1.694640263365530014e+09
1.694640263375535011e+09
1.694640263385529995e+09
1.694640263395525932e+09
1.694640263405525923e+09
1.694640263415534019e+09
1.694640263425539017e+09
1.694640263435534000e+09
1.694640263445533991e+09
1.694640263455534935e+09
1.694640263465534925e+09
1.694640263475536108e+09
1.694640263485539913e+09
1.694640263495533943e+09
1.694640263505536079e+09
1.694640263515539885e+09
1.694640263525540113e+09
1.694640263535537004e+09
1.694640263545540094e+09
1.694640263555538893e+09
1.694640263565546036e+09
1.694640263575541019e+09
1.694640263585540056e+09
1.694640263595546007e+09
1.694640263605546951e+09
1.694640263615541935e+09
1.694640263625544071e+09
1.694640263635546923e+09
1.694640263645551920e+09
1.694640263655540943e+09
1.694640263665539980e+09
1.694640263675554037e+09
1.694640263685548067e+09
1.694640263695555925e+09
1.694640263705544949e+09
1.694640263715552092e+09
1.694640263725547075e+09
1.694640263735559940e+09
1.694640263745554924e+09
1.694640263755557060e+09
1.694640263765543938e+09
1.694640263775547981e+09
1.694640263785550117e+09
1.694640263795557022e+09
1.694640263805548906e+09
1.694640263815552950e+09
1.694640263825562954e+09
1.694640263835555077e+09
1.694640263845552921e+09
1.694640263855559111e+09
1.694640263865564108e+09
1.694640263875554085e+09
1.694640263885562897e+09
1.694640263895559072e+09
1.694640263905567884e+09
1.694640263915559053e+09
1.694640263925554991e+09
1.694640263935565948e+09
1.694640263945569992e+09
1.694640263955574989e+09
1.694640263965567112e+09
1.694640263975559950e+09
1.694640263985565901e+09
1.694640263995564938e+09
1.694640264005542040e+09
1.694640264015537977e+09
1.694640264025546074e+09
1.694640264035538912e+09
1.694640264045545101e+09
1.694640264055542946e+09
1.694640264065540075e+09
1.694640264075539112e+09
1.694640264085545063e+09
1.694640264095551014e+09
1.694640264105546951e+09
1.694640264115547895e+09
1.694640264125541925e+09
1.694640264135546923e+09
1.694640264145545006e+09
1.694640264155549049e+09
1.694640264165545940e+09
1.694640264175548077e+09
1.694640264185549021e+09
1.694640264195545912e+09
1.694640264205555916e+09
1.694640264215543032e+09
1.694640264225549936e+09
1.694640264235542059e+09
1.694640264245560884e+09
1.694640264255549908e+09
1.694640264265552998e+09
1.694640264275558949e+09
1.694640264285552025e+09
1.694640264295557022e+09
1.694640264305550098e+09
1.694640264315562010e+09
1.694640264325553894e+09
1.694640264335551977e+09
1.694640264345561028e+09
1.694640264355564117e+09
1.694640264365555048e+09
1.694640264375561953e+09
1.694640264385559082e+09
1.694640264395561934e+09
1.694640264405565023e+09
1.694640264415565968e+09
1.694640264425558090e+09
1.694640264435561895e+09
1.694640264445559025e+09
1.694640264455569983e+09
1.694640264465567112e+09
1.694640264475564003e+09
1.694640264485563993e+09
1.694640264495568037e+09
1.694640264505569935e+09
1.694640264515568018e+09
1.694640264525571108e+09
1.694640264535562038e+09
1.694640264545573950e+09
1.694640264555572987e+09
1.694640264565572023e+09
1.694640264575572968e+09
1.694640264585576057e+09
1.694640264595570087e+09
1.694640264605582952e+09
1.694640264615570068e+09
1.694640264625582933e+09
1.694640264635574102e+09
1.694640264645577908e+09
1.694640264655585051e+09
1.694640264665575027e+09
1.694640264675576925e+09
1.694640264685580969e+09
1.694640264695588112e+09
1.694640264705574036e+09
1.694640264715579987e+09
1.694640264725584030e+09
1.694640264735583067e+09
1.694640264745575905e+09
1.694640264755584002e+09
1.694640264765584946e+09
1.694640264775593996e+09
1.694640264785589933e+09
1.694640264795583963e+09
1.694640264805592060e+09
1.694640264815592051e+09
1.694640264825582027e+09
1.694640264835593939e+09
1.694640264845581055e+09
1.694640264855592966e+09
1.694640264865587950e+09
1.694640264875590086e+09
1.694640264885591984e+09
1.694640264895591974e+09
1.694640264905585051e+09
1.694640264915590048e+09
