1.694640232627259970e+09
1.694640232643352985e+09
1.694640232669342995e+09
1.694640232685314178e+09
1.694640232711205482e+09
1.694640232727302790e+09
1.694640232743204117e+09
1.694640232769288063e+09
1.694640232785233021e+09
1.694640232811108828e+09
1.694640232827111483e+09
1.694640232843179464e+09
1.694640232869247675e+09
1.694640232885260344e+09
1.694640232911086082e+09
1.694640232927049875e+09
1.694640232943024397e+09
1.694640232970026731e+09
1.694640232986062050e+09
1.694640233011940479e+09
1.694640233027971745e+09
1.694640233043948174e+09
1.694640233069955349e+09
1.694640233085965157e+09
1.694640233111883640e+09
1.694640233127846479e+09
1.694640233143834114e+09
1.694640233169850349e+09
1.694640233185830593e+09
1.694640233211786270e+09
1.694640233227746010e+09
1.694640233243738413e+09
1.694640233269753218e+09
1.694640233285714626e+09
1.694640233311630726e+09
1.694640233327644587e+09
1.694640233343633652e+09
1.694640233369595051e+09
1.694640233385595560e+09
1.694640233411552429e+09
1.694640233427570343e+09
1.694640233443640471e+09
1.694640233469568968e+09
1.694640233485592365e+09
1.694640233511511803e+09
1.694640233527456999e+09
1.694640233543439150e+09
1.694640233569499493e+09
1.694640233569499493e+09
1.694640233611394882e+09
1.694640233627402067e+09
1.694640233643358469e+09
1.694640233669362068e+09
1.694640233685395718e+09
1.694640233711251020e+09
1.694640233727281570e+09
1.694640233743285894e+09
1.694640233770364523e+09
1.694640233786189079e+09
1.694640233812143326e+09
1.694640233828149319e+09
1.694640233828149319e+09
1.694640233870168447e+09
1.694640233886128187e+09
1.694640233912087440e+09
1.694640233928041458e+09
1.694640233944015980e+09
1.694640233970070601e+09
1.694640233986053944e+09
1.694640234011984587e+09
1.694640234028001308e+09
1.694640234043982267e+09
1.694640234070070744e+09
1.694640234086055994e+09
1.694640234111862421e+09
1.694640234127924681e+09
1.694640234143903732e+09
1.694640234169844389e+09
1.694640234185878754e+09
1.694640234211846828e+09
1.694640234227811098e+09
1.694640234243774414e+09
1.694640234269761086e+09
1.694640234285808802e+09
1.694640234311740160e+09
1.694640234327719688e+09
1.694640234343747854e+09
1.694640234369707108e+09
1.694640234385779619e+09
1.694640234411663532e+09
1.694640234427627563e+09
1.694640234443611860e+09
1.694640234469688177e+09
1.694640234485720634e+09
1.694640234511626959e+09
1.694640234527525425e+09
1.694640234543543100e+09
1.694640234569541454e+09
1.694640234585562944e+09
1.694640234611501694e+09
1.694640234627448082e+09
1.694640234643416882e+09
1.694640234669440985e+09
1.694640234685420990e+09
1.694640234711364269e+09
1.694640234727375507e+09
1.694640234743371010e+09
1.694640234769341230e+09
1.694640234785347939e+09
1.694640234811296225e+09
1.694640234827264071e+09
1.694640234843267441e+09
1.694640234869261503e+09
1.694640234885279179e+09
1.694640234911249399e+09
1.694640234927248001e+09
1.694640234943141937e+09
1.694640234969161034e+09
1.694640234985142708e+09
1.694640235011099100e+09
1.694640235027094603e+09
1.694640235043041468e+09
1.694640235069125175e+09
1.694640235085031033e+09
1.694640235110981226e+09
1.694640235126973391e+09
1.694640235142951965e+09
1.694640235170022488e+09
1.694640235185954571e+09
1.694640235211923122e+09
1.694640235227891684e+09
1.694640235243893862e+09
1.694640235269871950e+09
1.694640235285879135e+09
1.694640235311815739e+09
1.694640235327832937e+09
1.694640235343800545e+09
1.694640235369858027e+09
1.694640235385802269e+09
1.694640235411749363e+09
1.694640235427692652e+09
1.694640235443711758e+09
1.694640235469693899e+09
1.694640235485661983e+09
1.694640235511683941e+09
1.694640235527602434e+09
1.694640235543599844e+09
1.694640235569595098e+09
1.694640235585634947e+09
1.694640235611571074e+09
1.694640235627580643e+09
1.694640235643567801e+09
1.694640235669554472e+09
1.694640235685517073e+09
1.694640235711488724e+09
1.694640235727411747e+09
1.694640235743430614e+09
1.694640235769402266e+09
1.694640235785412550e+09
1.694640235811326265e+09
1.694640235827364683e+09
1.694640235843319178e+09
1.694640235869346142e+09
1.694640235885374546e+09
1.694640235911345482e+09
1.694640235927217245e+09
1.694640235943241119e+09
1.694640235969279766e+09
1.694640235985331297e+09
1.694640236011241198e+09
1.694640236027139187e+09
1.694640236043132067e+09
1.694640236069147587e+09
1.694640236085136652e+09
1.694640236111145735e+09
1.694640236127046108e+09
1.694640236143066168e+09
1.694640236169070005e+09
1.694640236185032606e+09
1.694640236210936546e+09
1.694640236226958752e+09
1.694640236242956877e+09
1.694640236269946098e+09
1.694640236285969973e+09
1.694640236311976671e+09
1.694640236327831745e+09
1.694640236343868732e+09
1.694640236369864702e+09
1.694640236385883570e+09
1.694640236411797523e+09
1.694640236427782297e+09
1.694640236443776846e+09
1.694640236469791651e+09
1.694640236485744715e+09
1.694640236511693716e+09
1.694640236527663708e+09
1.694640236543679237e+09
1.694640236569703341e+09
1.694640236585738659e+09
1.694640236611672878e+09
1.694640236627667189e+09
1.694640236643633127e+09
1.694640236669573069e+09
1.694640236685626507e+09
1.694640236711553097e+09
1.694640236727494478e+09
1.694640236743515253e+09
1.694640236769506216e+09
1.694640236785509109e+09
1.694640236811414480e+09
1.694640236827415943e+09
1.694640236843423367e+09
1.694640236869421721e+09
1.694640236885384560e+09
1.694640236911395073e+09
1.694640236927329779e+09
1.694640236943390846e+09
1.694640236969383240e+09
1.694640236985351324e+09
1.694640237011374950e+09
1.694640237027223349e+09
1.694640237043224335e+09
1.694640237069353342e+09
1.694640237085289240e+09
1.694640237111193419e+09
1.694640237127069235e+09
1.694640237143108606e+09
1.694640237169130802e+09
1.694640237185119629e+09
1.694640237211085796e+09
1.694640237226989269e+09
1.694640237242985010e+09
1.694640237269044399e+09
1.694640237285040140e+09
1.694640237310927153e+09
1.694640237326861143e+09
1.694640237342919588e+09
1.694640237369930029e+09
1.694640237385876179e+09
1.694640237385876179e+09
1.694640237385876179e+09
1.694640237385876179e+09
1.694640237473145008e+09
1.694640237477051020e+09
1.694640237511787653e+09
1.694640237527688026e+09
1.694640237543708324e+09
1.694640237569693327e+09
1.694640237585722208e+09
1.694640237611638784e+09
1.694640237627621412e+09
1.694640237643637896e+09
1.694640237669615984e+09
1.694640237685594082e+09
1.694640237711635113e+09
1.694640237727576017e+09
1.694640237743565798e+09
1.694640237769591331e+09
1.694640237785572052e+09
1.694640237811686754e+09
1.694640237827466249e+09
1.694640237843508244e+09
1.694640237869480133e+09
1.694640237885448933e+09
1.694640237911385298e+09
1.694640237927352428e+09
1.694640237943322420e+09
1.694640237969389200e+09
1.694640237985343218e+09
1.694640238011289597e+09
1.694640238027222633e+09
1.694640238043228626e+09
1.694640238069319010e+09
1.694640238085247517e+09
1.694640238111309052e+09
1.694640238127175331e+09
1.694640238143228054e+09
1.694640238169297934e+09
1.694640238185141563e+09
1.694640238211171627e+09
1.694640238227048874e+09
1.694640238243057966e+09
1.694640238269067764e+09
1.694640238285046339e+09
1.694640238310996056e+09
1.694640238326987743e+09
1.694640238342984676e+09
1.694640238368994713e+09
1.694640238385005713e+09
1.694640238411089897e+09
1.694640238426934481e+09
1.694640238442932844e+09
1.694640238469956636e+09
1.694640238485840321e+09
1.694640238511915684e+09
1.694640238527779818e+09
1.694640238543792963e+09
1.694640238569797039e+09
1.694640238585850477e+09
1.694640238611723423e+09
1.694640238627705812e+09
1.694640238643696785e+09
1.694640238669756413e+09
1.694640238685697794e+09
1.694640238711693525e+09
1.694640238727616549e+09
1.694640238743613720e+09
1.694640238769548893e+09
1.694640238785645962e+09
1.694640238811592102e+09
1.694640238827505112e+09
1.694640238843500137e+09
1.694640238869503260e+09
1.694640238885446787e+09
1.694640238911432981e+09
1.694640238927383423e+09
1.694640238943415880e+09
1.694640238969410658e+09
1.694640238985416889e+09
1.694640239011391878e+09
1.694640239027294636e+09
1.694640239043380260e+09
1.694640239069369316e+09
1.694640239085338831e+09
1.694640239111304522e+09
1.694640239127203703e+09
1.694640239143287420e+09
1.694640239170243263e+09
1.694640239186214924e+09
1.694640239212225437e+09
1.694640239228074074e+09
1.694640239244103909e+09
1.694640239270108938e+09
1.694640239286066532e+09
1.694640239312094450e+09
1.694640239328018665e+09
1.694640239344024420e+09
1.694640239370038509e+09
1.694640239386018515e+09
1.694640239412102222e+09
1.694640239427912712e+09
1.694640239443909883e+09
1.694640239469900846e+09
1.694640239485936880e+09
1.694640239511924982e+09
1.694640239527783394e+09
1.694640239543780804e+09
1.694640239569760323e+09
1.694640239585841417e+09
1.694640239611800909e+09
1.694640239627704859e+09
1.694640239643697739e+09
1.694640239669720173e+09
1.694640239685697079e+09
1.694640239711683035e+09
1.694640239727583170e+09
1.694640239743596554e+09
1.694640239769537210e+09
1.694640239785594225e+09
1.694640239811612129e+09
1.694640239827494621e+09
1.694640239843508959e+09
1.694640239869517803e+09
1.694640239885491371e+09
1.694640239911562920e+09
1.694640239927415609e+09
1.694640239943412781e+09
1.694640239969449282e+09
1.694640239985435724e+09
1.694640240011379480e+09
1.694640240027314663e+09
1.694640240043305874e+09
1.694640240069330454e+09
1.694640240085301876e+09
1.694640240111251116e+09
1.694640240127143383e+09
1.694640240143176794e+09
1.694640240169214249e+09
1.694640240185190439e+09
1.694640240211293459e+09
1.694640240227064848e+09
1.694640240243093729e+09
1.694640240269129992e+09
1.694640240285147429e+09
1.694640240311085939e+09
1.694640240326991320e+09
1.694640240342974424e+09
1.694640240369031429e+09
1.694640240384929180e+09
1.694640240411003351e+09
1.694640240426855803e+09
1.694640240442904949e+09
1.694640240469853878e+09
1.694640240485835552e+09
1.694640240511872768e+09
1.694640240527744532e+09
1.694640240543884516e+09
1.694640240569779158e+09
1.694640240585750103e+09
1.694640240611744881e+09
1.694640240627682209e+09
1.694640240643699408e+09
1.694640240669699430e+09
1.694640240685666561e+09
1.694640240711747646e+09
1.694640240727581024e+09
1.694640240743638754e+09
1.694640240769619465e+09
1.694640240785594702e+09
1.694640240811620474e+09
1.694640240827550173e+09
1.694640240843519926e+09
1.694640240869559050e+09
1.694640240885502577e+09
1.694640240911660910e+09
1.694640240927469015e+09
1.694640240943424463e+09
1.694640240969439983e+09
1.694640240985375643e+09
1.694640241011438847e+09
1.694640241027349472e+09
1.694640241043346882e+09
1.694640241069365978e+09
1.694640241085398197e+09
1.694640241111406565e+09
1.694640241127274275e+09
1.694640241143267155e+09
1.694640241169300318e+09
1.694640241185334206e+09
1.694640241211338758e+09
1.694640241227174520e+09
1.694640241243191957e+09
1.694640241269309998e+09
1.694640241285237551e+09
1.694640241312228918e+09
1.694640241328121424e+09
1.694640241344170094e+09
1.694640241370218992e+09
1.694640241386208773e+09
1.694640241412144423e+09
1.694640241428014040e+09
1.694640241444055080e+09
1.694640241470029116e+09
1.694640241486056328e+09
1.694640241512100697e+09
1.694640241527910948e+09
1.694640241543941975e+09
1.694640241569979191e+09
1.694640241585964441e+09
1.694640241611974001e+09
1.694640241627865314e+09
1.694640241643885612e+09
1.694640241669833422e+09
1.694640241685807228e+09
1.694640241711794615e+09
1.694640241727715731e+09
1.694640241743750334e+09
1.694640241769742250e+09
1.694640241785707712e+09
1.694640241811785698e+09
1.694640241827661514e+09
1.694640241843634129e+09
1.694640241869644642e+09
1.694640241885658264e+09
1.694640241911665678e+09
1.694640241927579165e+09
1.694640241943546057e+09
1.694640241969564438e+09
1.694640241985544205e+09
1.694640242011609554e+09
1.694640242027443886e+09
1.694640242043446064e+09
1.694640242069489479e+09
1.694640242085406065e+09
1.694640242111645222e+09
1.694640242127328157e+09
1.694640242143386126e+09
1.694640242169396400e+09
1.694640242185375214e+09
1.694640242211383104e+09
1.694640242227241516e+09
1.694640242243275642e+09
1.694640242269251585e+09
1.694640242285275936e+09
1.694640242311313391e+09
1.694640242327184200e+09
1.694640242343186855e+09
1.694640242369239330e+09
1.694640242385160208e+09
1.694640242385160208e+09
1.694640242385160208e+09
1.694640242385160208e+09
1.694640242472350597e+09
1.694640242474866152e+09
1.694640242511100292e+09
1.694640242526998997e+09
1.694640242543008089e+09
1.694640242570043564e+09
1.694640242586075783e+09
1.694640242611959219e+09
1.694640242627856970e+09
1.694640242643861771e+09
1.694640242669894695e+09
1.694640242685918093e+09
1.694640242711948633e+09
1.694640242727791071e+09
1.694640242743791580e+09
1.694640242769747019e+09
1.694640242785737276e+09
1.694640242811740637e+09
1.694640242827681065e+09
1.694640242843621016e+09
1.694640242869694233e+09
1.694640242885556698e+09
1.694640242911597729e+09
1.694640242927530766e+09
1.694640242943514347e+09
1.694640242969598770e+09
1.694640242985525370e+09
1.694640243011515617e+09
1.694640243027446270e+09
1.694640243043467283e+09
1.694640243069463253e+09
1.694640243085433722e+09
1.694640243111464500e+09
1.694640243127358675e+09
1.694640243143412590e+09
1.694640243169378042e+09
1.694640243185315609e+09
1.694640243211331844e+09
1.694640243227321148e+09
1.694640243243303776e+09
1.694640243269274473e+09
1.694640243285370827e+09
1.694640243311280012e+09
1.694640243327172995e+09
1.694640243343187809e+09
1.694640243369222164e+09
1.694640243385223389e+09
1.694640243411205292e+09
1.694640243427104950e+09
1.694640243443165779e+09
1.694640243469231844e+09
1.694640243485145569e+09
1.694640243511192083e+09
1.694640243527087688e+09
1.694640243543006659e+09
1.694640243569099665e+09
1.694640243584991693e+09
1.694640243611053705e+09
1.694640243627043247e+09
1.694640243642923117e+09
1.694640243670000076e+09
1.694640243685912132e+09
1.694640243711946011e+09
1.694640243727851152e+09
1.694640243743844986e+09
1.694640243769839287e+09
1.694640243785805225e+09
1.694640243811846256e+09
1.694640243827733040e+09
1.694640243843760014e+09
1.694640243869749546e+09
1.694640243885790110e+09
1.694640243911729813e+09
1.694640243927741051e+09
1.694640243943611622e+09
1.694640243969623804e+09
1.694640243985637903e+09
1.694640244011687756e+09
1.694640244027624369e+09
1.694640244043573380e+09
1.694640244069583416e+09
1.694640244085527420e+09
1.694640244111526012e+09
1.694640244127476931e+09
1.694640244143472433e+09
1.694640244169464111e+09
1.694640244185458899e+09
1.694640244211478949e+09
1.694640244227439642e+09
1.694640244243360519e+09
1.694640244269374132e+09
1.694640244285360098e+09
1.694640244311352253e+09
1.694640244327271938e+09
1.694640244343290329e+09
1.694640244369348526e+09
1.694640244385298014e+09
1.694640244411304951e+09
1.694640244427215099e+09
1.694640244443202496e+09
1.694640244469228268e+09
1.694640244485199928e+09
1.694640244511162281e+09
1.694640244527095318e+09
1.694640244543154478e+09
1.694640244569155216e+09
1.694640244569155216e+09
1.694640244611162186e+09
1.694640244627084255e+09
1.694640244643003941e+09
1.694640244669055700e+09
1.694640244684987545e+09
1.694640244711011171e+09
1.694640244726913691e+09
1.694640244742939234e+09
1.694640244769968748e+09
1.694640244785925865e+09
1.694640244811974049e+09
1.694640244827861547e+09
1.694640244843827009e+09
1.694640244869853258e+09
1.694640244885838270e+09
1.694640244911863327e+09
1.694640244927734852e+09
1.694640244943756580e+09
1.694640244969806194e+09
1.694640244985735178e+09
1.694640245011777401e+09
1.694640245027673721e+09
1.694640245043682098e+09
1.694640245069723845e+09
1.694640245085699320e+09
1.694640245111702919e+09
1.694640245127616167e+09
1.694640245143625259e+09
1.694640245169642687e+09
1.694640245185619354e+09
1.694640245211613655e+09
1.694640245227511644e+09
1.694640245243513346e+09
1.694640245269523621e+09
1.694640245285492897e+09
1.694640245311519384e+09
1.694640245327504158e+09
1.694640245343424082e+09
1.694640245369437456e+09
1.694640245385400772e+09
1.694640245411406517e+09
1.694640245427287340e+09
1.694640245443365097e+09
1.694640245469366789e+09
1.694640245485278130e+09
1.694640245511309624e+09
1.694640245527314663e+09
1.694640245543213129e+09
1.694640245569278002e+09
1.694640245585222483e+09
1.694640245611259460e+09
1.694640245627215147e+09
1.694640245643127680e+09
1.694640245669192791e+09
1.694640245685226917e+09
1.694640245711202621e+09
1.694640245727238655e+09
1.694640245743138790e+09
1.694640245769132137e+09
1.694640245785040855e+09
1.694640245811035872e+09
1.694640245827025414e+09
1.694640245842975378e+09
1.694640245870087624e+09
1.694640245885999680e+09
1.694640245911972761e+09
1.694640245927912474e+09
1.694640245943902731e+09
1.694640245969865561e+09
1.694640245985850334e+09
1.694640246011868954e+09
1.694640246027863503e+09
1.694640246043760538e+09
1.694640246069819212e+09
1.694640246085795403e+09
1.694640246111758709e+09
1.694640246127682209e+09
1.694640246143679619e+09
1.694640246169751167e+09
1.694640246185676336e+09
1.694640246211666346e+09
1.694640246227620602e+09
1.694640246243614197e+09
1.694640246269630194e+09
1.694640246285588741e+09
1.694640246311694145e+09
1.694640246327545166e+09
1.694640246343553066e+09
1.694640246369546890e+09
1.694640246385501385e+09
1.694640246411556005e+09
1.694640246427535057e+09
1.694640246443433285e+09
1.694640246469439745e+09
1.694640246485450029e+09
1.694640246511482000e+09
1.694640246527462959e+09
1.694640246543359280e+09
1.694640246569394588e+09
1.694640246585341215e+09
1.694640246611302376e+09
1.694640246627317667e+09
1.694640246643264532e+09
1.694640246669312954e+09
1.694640246685253143e+09
1.694640246711260080e+09
1.694640246727197170e+09
1.694640246743170261e+09
1.694640246769228935e+09
1.694640246785169840e+09
1.694640246811167002e+09
1.694640246827206850e+09
1.694640246843049765e+09
1.694640246869200468e+09
1.694640246885039806e+09
1.694640246911132097e+09
1.694640246926991940e+09
1.694640246942988157e+09
1.694640246970040083e+09
1.694640246985976934e+09
1.694640247012014389e+09
1.694640247028034687e+09
1.694640247043929577e+09
1.694640247069949627e+09
1.694640247085923433e+09
1.694640247111947298e+09
1.694640247127936840e+09
1.694640247143810749e+09
1.694640247169871807e+09
1.694640247185760736e+09
1.694640247211798429e+09
1.694640247227758646e+09
1.694640247243707895e+09
1.694640247269756794e+09
1.694640247285740137e+09
1.694640247311752796e+09
1.694640247327707529e+09
1.694640247343616486e+09
1.694640247369710207e+09
1.694640247385689735e+09
1.694640247385689735e+09
1.694640247385689735e+09
1.694640247385689735e+09
1.694640247472996235e+09
1.694640247476142645e+09
1.694640247511651754e+09
1.694640247527530909e+09
1.694640247543470383e+09
1.694640247569473505e+09
1.694640247585454464e+09
1.694640247611469269e+09
1.694640247627480030e+09
1.694640247643376112e+09
1.694640247669397593e+09
1.694640247685352087e+09
1.694640247711373329e+09
1.694640247727349043e+09
1.694640247743242502e+09
1.694640247769320011e+09
1.694640247785237312e+09
1.694640247811192513e+09
1.694640247827238083e+09
1.694640247843147516e+09
1.694640247869256258e+09
1.694640247885133028e+09
1.694640247911206245e+09
1.694640247927237511e+09
1.694640247943165064e+09
1.694640247969073296e+09
1.694640247985009193e+09
1.694640248011093140e+09
1.694640248027106524e+09
1.694640248042933702e+09
1.694640248069975615e+09
1.694640248069975615e+09
1.694640248112065554e+09
1.694640248127968550e+09
1.694640248143856287e+09
1.694640248169882298e+09
1.694640248185843229e+09
1.694640248211848497e+09
1.694640248227867842e+09
1.694640248243755817e+09
1.694640248269777536e+09
1.694640248285764217e+09
1.694640248311740160e+09
1.694640248327783108e+09
1.694640248327783108e+09
1.694640248369679451e+09
1.694640248385652304e+09
1.694640248411674738e+09
1.694640248427696705e+09
1.694640248443539381e+09
1.694640248469630718e+09
1.694640248485602379e+09
1.694640248511620522e+09
1.694640248527632713e+09
1.694640248543502569e+09
1.694640248569528341e+09
1.694640248585513115e+09
1.694640248611525536e+09
1.694640248627542496e+09
1.694640248643429995e+09
1.694640248669426680e+09
1.694640248685437202e+09
1.694640248711408854e+09
1.694640248727413893e+09
1.694640248743309498e+09
1.694640248769333601e+09
1.694640248785305262e+09
1.694640248811395407e+09
1.694640248827388525e+09
1.694640248843242407e+09
1.694640248869304419e+09
1.694640248885225773e+09
1.694640248911228180e+09
1.694640248927266598e+09
1.694640248943186522e+09
1.694640248969225407e+09
1.694640248985169172e+09
1.694640249012227297e+09
1.694640249028246880e+09
1.694640249044097424e+09
1.694640249070143938e+09
1.694640249086099863e+09
1.694640249112105131e+09
1.694640249128076792e+09
1.694640249143992186e+09
1.694640249169991732e+09
1.694640249185968876e+09
1.694640249212004900e+09
1.694640249228072166e+09
1.694640249243876457e+09
1.694640249269901991e+09
1.694640249285895348e+09
1.694640249311892986e+09
1.694640249327984333e+09
1.694640249343793869e+09
1.694640249369800568e+09
1.694640249385795116e+09
1.694640249411801100e+09
1.694640249427831411e+09
1.694640249443697691e+09
1.694640249469713926e+09
1.694640249485689878e+09
1.694640249511637926e+09
1.694640249527640104e+09
1.694640249543551445e+09
1.694640249569631577e+09
1.694640249585592031e+09
1.694640249611622572e+09
1.694640249627563000e+09
1.694640249643437624e+09
1.694640249669521809e+09
1.694640249685451746e+09
1.694640249711447954e+09
1.694640249727440119e+09
1.694640249743406296e+09
1.694640249769412994e+09
1.694640249785350323e+09
1.694640249811312675e+09
1.694640249827364922e+09
1.694640249843276024e+09
1.694640249869300365e+09
1.694640249885288477e+09
1.694640249911263227e+09
1.694640249927246809e+09
1.694640249943140507e+09
1.694640249969226837e+09
1.694640249985145807e+09
1.694640250011167288e+09
1.694640250027189016e+09
1.694640250043112993e+09
1.694640250069155216e+09
1.694640250085124493e+09
1.694640250111064434e+09
1.694640250127049923e+09
1.694640250142961025e+09
1.694640250169996023e+09
1.694640250186008692e+09
1.694640250211962461e+09
1.694640250227986813e+09
1.694640250243870735e+09
1.694640250269834280e+09
1.694640250285828352e+09
1.694640250311927557e+09
1.694640250327884436e+09
1.694640250343781710e+09
1.694640250369781017e+09
1.694640250385732174e+09
1.694640250411795139e+09
1.694640250427762985e+09
1.694640250443684340e+09
1.694640250469726801e+09
1.694640250485723734e+09
1.694640250511744022e+09
1.694640250527646303e+09
1.694640250543599606e+09
1.694640250569606781e+09
1.694640250585614920e+09
1.694640250611587286e+09
1.694640250627611876e+09
1.694640250643492460e+09
1.694640250669529438e+09
1.694640250685438633e+09
1.694640250711442947e+09
1.694640250727478504e+09
1.694640250743403673e+09
1.694640250769401789e+09
1.694640250785362482e+09
1.694640250811404467e+09
1.694640250827370405e+09
1.694640250843327999e+09
1.694640250869362116e+09
1.694640250885289192e+09
1.694640250911309958e+09
1.694640250927300453e+09
1.694640250943210602e+09
1.694640250969269991e+09
1.694640250985232830e+09
1.694640251011294365e+09
1.694640251027269125e+09
1.694640251043104887e+09
1.694640251070131540e+09
1.694640251086132765e+09
1.694640251112127781e+09
1.694640251128105879e+09
1.694640251143996000e+09
1.694640251170009375e+09
1.694640251185988665e+09
1.694640251211997032e+09
1.694640251228024244e+09
1.694640251243910551e+09
1.694640251269963741e+09
1.694640251285907984e+09
1.694640251311931610e+09
1.694640251327930212e+09
1.694640251343840122e+09
1.694640251369883299e+09
1.694640251385849714e+09
1.694640251411894560e+09
1.694640251427916050e+09
1.694640251443834782e+09
1.694640251469761133e+09
1.694640251485796690e+09
1.694640251511730433e+09
1.694640251527820349e+09
1.694640251543677330e+09
1.694640251569672346e+09
1.694640251585642099e+09
1.694640251611647129e+09
1.694640251627682209e+09
1.694640251643543959e+09
1.694640251669587612e+09
1.694640251685506105e+09
1.694640251711596012e+09
1.694640251727539778e+09
1.694640251743494749e+09
1.694640251769507885e+09
1.694640251785459042e+09
1.694640251811450243e+09
1.694640251827491045e+09
1.694640251843379736e+09
1.694640251869437456e+09
1.694640251885381222e+09
1.694640251911404371e+09
1.694640251927441120e+09
1.694640251943429232e+09
1.694640251969333172e+09
1.694640251985287905e+09
1.694640252011333942e+09
1.694640252027330875e+09
1.694640252043261290e+09
1.694640252069244862e+09
1.694640252085166693e+09
1.694640252111222744e+09
1.694640252127184391e+09
1.694640252143127203e+09
1.694640252169173479e+09
1.694640252185136318e+09
1.694640252211137772e+09
1.694640252227149248e+09
1.694640252243085146e+09
1.694640252270124435e+09
1.694640252286090851e+09
1.694640252312142134e+09
1.694640252328082561e+09
1.694640252343935490e+09
1.694640252369955063e+09
1.694640252385945559e+09
1.694640252385945559e+09
1.694640252385945559e+09
1.694640252385945559e+09
1.694640252473230362e+09
1.694640252475143194e+09
1.694640252511843681e+09
1.694640252527841330e+09
1.694640252543763399e+09
1.694640252569791317e+09
1.694640252585805178e+09
1.694640252611811399e+09
1.694640252627762079e+09
1.694640252643690586e+09
1.694640252669728994e+09
1.694640252685688496e+09
1.694640252711768389e+09
1.694640252727729559e+09
1.694640252743770361e+09
1.694640252769645691e+09
1.694640252785601377e+09
1.694640252811645269e+09
1.694640252827618599e+09
1.694640252843611717e+09
1.694640252869567871e+09
1.694640252885517597e+09
1.694640252911530256e+09
1.694640252927532196e+09
1.694640252943488836e+09
1.694640252969431639e+09
1.694640252985403061e+09
1.694640253011436939e+09
1.694640253027381420e+09
1.694640253043324471e+09
1.694640253069379091e+09
1.694640253085307837e+09
1.694640253111354589e+09
1.694640253127318382e+09
1.694640253143356323e+09
1.694640253169272661e+09
1.694640253185228109e+09
1.694640253211241484e+09
1.694640253227225780e+09
1.694640253243278027e+09
1.694640253269230843e+09
1.694640253285126209e+09
1.694640253311170101e+09
1.694640253327169180e+09
1.694640253343181610e+09
1.694640253370120525e+09
1.694640253386079311e+09
1.694640253412051201e+09
1.694640253427995920e+09
1.694640253444021225e+09
1.694640253469967127e+09
1.694640253486003399e+09
1.694640253511975050e+09
1.694640253527992249e+09
1.694640253543935299e+09
1.694640253569848299e+09
1.694640253585862637e+09
1.694640253611833811e+09
1.694640253627842903e+09
1.694640253643786430e+09
1.694640253669768572e+09
1.694640253685769320e+09
1.694640253711760759e+09
1.694640253727735758e+09
1.694640253743739128e+09
1.694640253769647121e+09
1.694640253785649061e+09
1.694640253811640739e+09
1.694640253827631712e+09
1.694640253843559980e+09
1.694640253869615316e+09
1.694640253885542631e+09
1.694640253911585808e+09
1.694640253927528858e+09
1.694640253943598747e+09
1.694640253969481945e+09
1.694640253985463858e+09
1.694640254011520147e+09
1.694640254027477980e+09
1.694640254043479204e+09
1.694640254069393396e+09
1.694640254085404158e+09
1.694640254111354828e+09
1.694640254127376556e+09
1.694640254143276930e+09
1.694640254169340611e+09
1.694640254185260296e+09
1.694640254211290836e+09
1.694640254227266073e+09
1.694640254243209362e+09
1.694640254269287109e+09
1.694640254285154104e+09
1.694640254311193466e+09
1.694640254327119350e+09
1.694640254343158960e+09
1.694640254370111942e+09
1.694640254386070251e+09
1.694640254412003040e+09
1.694640254428043604e+09
1.694640254443990946e+09
1.694640254469948292e+09
1.694640254485976934e+09
1.694640254511964321e+09
1.694640254528000832e+09
1.694640254543945551e+09
1.694640254569890976e+09
1.694640254569890976e+09
1.694640254611917973e+09
1.694640254627873898e+09
1.694640254643825769e+09
1.694640254669805765e+09
1.694640254685895205e+09
1.694640254711804390e+09
1.694640254727800608e+09
1.694640254743763208e+09
1.694640254769736052e+09
1.694640254785715580e+09
1.694640254811694622e+09
1.694640254827711821e+09
1.694640254843705893e+09
1.694640254869631290e+09
1.694640254885638237e+09
1.694640254911690235e+09
1.694640254927685499e+09
1.694640254943595409e+09
1.694640254969594717e+09
1.694640254985531330e+09
1.694640255011595011e+09
1.694640255027565956e+09
1.694640255043557167e+09
1.694640255069444418e+09
1.694640255069444418e+09
1.694640255111486673e+09
1.694640255127409935e+09
1.694640255143445015e+09
1.694640255169328213e+09
1.694640255185344219e+09
1.694640255211317539e+09
1.694640255227332354e+09
1.694640255243304729e+09
1.694640255269237757e+09
1.694640255285234213e+09
1.694640255311193705e+09
1.694640255327202797e+09
1.694640255343258142e+09
1.694640255369126558e+09
1.694640255385123014e+09
1.694640255411119699e+09
1.694640255427146196e+09
1.694640255443181515e+09
1.694640255470103741e+09
1.694640255486063480e+09
1.694640255512129068e+09
1.694640255528054714e+09
1.694640255543996096e+09
1.694640255569959879e+09
1.694640255585981607e+09
1.694640255611972809e+09
1.694640255627940178e+09
1.694640255643947363e+09
1.694640255669833899e+09
1.694640255685894966e+09
1.694640255711897850e+09
1.694640255727973223e+09
1.694640255743864298e+09
1.694640255769798756e+09
1.694640255785761118e+09
1.694640255811738014e+09
1.694640255827846289e+09
1.694640255843694687e+09
1.694640255869709253e+09
1.694640255885686874e+09
1.694640255911696911e+09
1.694640255927673340e+09
1.694640255943674803e+09
1.694640255969608784e+09
1.694640255985538006e+09
1.694640256011606455e+09
1.694640256027633190e+09
1.694640256043609858e+09
1.694640256069534302e+09
1.694640256085535765e+09
1.694640256111510515e+09
1.694640256127528429e+09
1.694640256143485546e+09
1.694640256169474363e+09
1.694640256185391426e+09
1.694640256211404562e+09
1.694640256227394104e+09
1.694640256243384123e+09
1.694640256269299030e+09
1.694640256285298109e+09
1.694640256311334133e+09
1.694640256327314615e+09
1.694640256353338957e+09
1.694640256369242191e+09
1.694640256385241508e+09
1.694640256411176682e+09
1.694640256427226543e+09
1.694640256443217039e+09
1.694640256469104528e+09
1.694640256485077858e+09
1.694640256511162281e+09
1.694640256527106047e+09
1.694640256543127060e+09
1.694640256569985151e+09
1.694640256585985422e+09
1.694640256611965418e+09
1.694640256627989054e+09
1.694640256644011497e+09
1.694640256669873953e+09
1.694640256685847282e+09
1.694640256711830139e+09
1.694640256727850437e+09
1.694640256743920565e+09
1.694640256769843578e+09
1.694640256785744190e+09
1.694640256811724186e+09
1.694640256827734947e+09
1.694640256843792915e+09
1.694640256869694471e+09
1.694640256885660410e+09
1.694640256911634684e+09
1.694640256927651882e+09
1.694640256943702936e+09
1.694640256969629526e+09
1.694640256985571861e+09
1.694640257011552334e+09
1.694640257027584791e+09
1.694640257043564320e+09
1.694640257069538593e+09
1.694640257085442305e+09
1.694640257111523390e+09
1.694640257127473116e+09
1.694640257143485785e+09
1.694640257169392347e+09
1.694640257185361862e+09
1.694640257211392879e+09
1.694640257227362394e+09
1.694640257243362188e+09
1.694640257269297838e+09
1.694640257285327435e+09
1.694640257311268091e+09
1.694640257327323675e+09
1.694640257343253136e+09
1.694640257369233370e+09
1.694640257385222673e+09
1.694640257385222673e+09
1.694640257385222673e+09
1.694640257385222673e+09
1.694640257472433567e+09
1.694640257474186659e+09
1.694640257511133194e+09
1.694640257527141333e+09
1.694640257543151855e+09
1.694640257570006371e+09
1.694640257586011410e+09
1.694640257612021923e+09
1.694640257628010988e+09
1.694640257643996477e+09
1.694640257669893980e+09
1.694640257685919523e+09
1.694640257711818457e+09
1.694640257727864742e+09
1.694640257743857384e+09
1.694640257769792795e+09
1.694640257785760403e+09
1.694640257811752796e+09
1.694640257827757597e+09
1.694640257827757597e+09
1.694640257869756699e+09
1.694640257885649204e+09
1.694640257911635160e+09
1.694640257927640915e+09
1.694640257943641901e+09
1.694640257969545126e+09
1.694640257985552073e+09
1.694640258011588812e+09
1.694640258027578831e+09
1.694640258043588877e+09
1.694640258069529772e+09
1.694640258085456848e+09
1.694640258111454725e+09
1.694640258127459049e+09
1.694640258143436432e+09
1.694640258169395685e+09
1.694640258185404539e+09
1.694640258211379528e+09
1.694640258227414131e+09
1.694640258243462324e+09
1.694640258269330025e+09
1.694640258285339832e+09
1.694640258311305046e+09
1.694640258327356100e+09
1.694640258343340158e+09
1.694640258369297981e+09
1.694640258385289907e+09
1.694640258411244154e+09
1.694640258427265167e+09
1.694640258443285227e+09
1.694640258469201088e+09
1.694640258485138178e+09
1.694640258511171103e+09
1.694640258527210951e+09
1.694640258543132067e+09
1.694640258570071220e+09
1.694640258586046219e+09
1.694640258612096786e+09
1.694640258628076315e+09
1.694640258644065857e+09
1.694640258669905424e+09
1.694640258685940981e+09
1.694640258711916685e+09
1.694640258727898836e+09
1.694640258743953466e+09
1.694640258769834042e+09
1.694640258785797119e+09
1.694640258811802626e+09
1.694640258827807188e+09
1.694640258843811989e+09
1.694640258869739771e+09
1.694640258885755062e+09
1.694640258911696911e+09
1.694640258927706957e+09
1.694640258943736792e+09
1.694640258969718456e+09
1.694640258985666513e+09
1.694640259011653423e+09
1.694640259027666807e+09
1.694640259043618679e+09
1.694640259069562197e+09
1.694640259085564613e+09
1.694640259111504555e+09
1.694640259127535105e+09
1.694640259143574476e+09
1.694640259169511795e+09
1.694640259185468435e+09
1.694640259211466551e+09
1.694640259227450609e+09
1.694640259243510962e+09
1.694640259269423962e+09
1.694640259285387516e+09
1.694640259311398983e+09
1.694640259327366114e+09
1.694640259343375683e+09
1.694640259369323254e+09
1.694640259385309696e+09
1.694640259411260128e+09
1.694640259427270889e+09
1.694640259443236589e+09
1.694640259469233513e+09
1.694640259485281706e+09
1.694640259511236429e+09
1.694640259527196407e+09
1.694640259543220758e+09
1.694640259569155455e+09
1.694640259585130215e+09
1.694640259611113787e+09
1.694640259627136707e+09
1.694640259643109798e+09
1.694640259669065475e+09
1.694640259685071945e+09
1.694640259711048603e+09
1.694640259727079868e+09
1.694640259743093729e+09
1.694640259769996643e+09
1.694640259785999775e+09
1.694640259811993599e+09
1.694640259828032255e+09
1.694640259844047546e+09
1.694640259869971275e+09
1.694640259885932207e+09
1.694640259911909580e+09
1.694640259927973509e+09
1.694640259943970919e+09
1.694640259969836235e+09
1.694640259985848665e+09
1.694640260011817694e+09
1.694640260027789354e+09
1.694640260043771029e+09
1.694640260069691896e+09
1.694640260085798025e+09
1.694640260111657858e+09
1.694640260127688885e+09
1.694640260143676519e+09
1.694640260169625282e+09
1.694640260185570240e+09
1.694640260211618900e+09
1.694640260227599621e+09
1.694640260243568897e+09
1.694640260269526958e+09
1.694640260285434484e+09
1.694640260311473131e+09
1.694640260327503681e+09
1.694640260343532562e+09
1.694640260369408607e+09
1.694640260385399103e+09
1.694640260411394119e+09
1.694640260427382946e+09
1.694640260443383455e+09
1.694640260469297886e+09
1.694640260485314846e+09
1.694640260511314869e+09
1.694640260527255535e+09
1.694640260543276310e+09
1.694640260569186211e+09
1.694640260585191250e+09
1.694640260611213446e+09
1.694640260627171516e+09
1.694640260643228054e+09
1.694640260669124365e+09
1.694640260685118914e+09
1.694640260711059570e+09
1.694640260727085352e+09
1.694640260743058681e+09
1.694640260769994974e+09
1.694640260785978556e+09
1.694640260813006639e+09
1.694640260828974962e+09
1.694640260844976902e+09
1.694640260870924473e+09
1.694640260886952400e+09
1.694640260902857065e+09
1.694640260929940224e+09
1.694640260945838690e+09
1.694640260971782684e+09
1.694640260987769842e+09
1.694640261003776073e+09
1.694640261029752731e+09
1.694640261045688629e+09
1.694640261071671963e+09
1.694640261087653399e+09
1.694640261103654146e+09
1.694640261129649401e+09
1.694640261145665884e+09
1.694640261171525717e+09
1.694640261187525988e+09
1.694640261203556061e+09
1.694640261229553223e+09
1.694640261245613813e+09
1.694640261271422148e+09
1.694640261287433863e+09
1.694640261303469658e+09
1.694640261329434872e+09
1.694640261345383167e+09
1.694640261371317148e+09
1.694640261387336493e+09
1.694640261403264523e+09
1.694640261429306269e+09
1.694640261445346832e+09
1.694640261471212149e+09
1.694640261487174988e+09
1.694640261503208876e+09
1.694640261529288769e+09
1.694640261545259237e+09
1.694640261571105242e+09
1.694640261587111473e+09
1.694640261603126287e+09
1.694640261629135847e+09
1.694640261645103455e+09
1.694640261671001911e+09
1.694640261686984777e+09
1.694640261702969313e+09
1.694640261728987694e+09
1.694640261744989395e+09
1.694640261770886660e+09
1.694640261786895752e+09
1.694640261802863121e+09
1.694640261829931736e+09
1.694640261845890760e+09
1.694640261871853828e+09
1.694640261887776613e+09
1.694640261903742790e+09
1.694640261929792643e+09
1.694640261945778370e+09
1.694640261971707344e+09
1.694640261987691402e+09
1.694640262003705025e+09
1.694640262029668331e+09
1.694640262045716763e+09
1.694640262071594477e+09
1.694640262087625742e+09
1.694640262103595734e+09
1.694640262129586935e+09
1.694640262145617723e+09
1.694640262171527386e+09
1.694640262187538385e+09
1.694640262203483820e+09
1.694640262229534388e+09
1.694640262245458364e+09
1.694640262271497250e+09
1.694640262287433863e+09
1.694640262303433895e+09
1.694640262329461336e+09
1.694640262345453739e+09
1.694640262371364594e+09
1.694640262387341738e+09
1.694640262387341738e+09
1.694640262387341738e+09
1.694640262387341738e+09
1.694640262474675179e+09
1.694640262476542950e+09
1.694640262502892256e+09
1.694640262529350281e+09
1.694640262545296907e+09
1.694640262571191311e+09
1.694640262602226257e+09
1.694640262602856159e+09
1.694640262629237890e+09
1.694640262645197868e+09
1.694640262671120167e+09
1.694640262687131643e+09
1.694640262703125954e+09
1.694640262729147673e+09
1.694640262745125771e+09
1.694640262770992756e+09
1.694640262787024736e+09
1.694640262802992105e+09
1.694640262829019785e+09
1.694640262845000029e+09
1.694640262870893002e+09
1.694640262886875391e+09
1.694640262902902126e+09
1.694640262929941416e+09
1.694640262945914745e+09
1.694640262971831083e+09
1.694640262987804651e+09
1.694640263003855228e+09
1.694640263029851437e+09
1.694640263045860052e+09
1.694640263071730375e+09
1.694640263087690115e+09
1.694640263103750229e+09
1.694640263129742622e+09
1.694640263145665884e+09
1.694640263171576262e+09
1.694640263187596083e+09
1.694640263203582525e+09
1.694640263229642868e+09
1.694640263245613575e+09
1.694640263271539927e+09
1.694640263287551880e+09
1.694640263303516626e+09
1.694640263329474449e+09
1.694640263345496178e+09
1.694640263371409655e+09
1.694640263387400627e+09
1.694640263403433800e+09
1.694640263429421425e+09
1.694640263445446730e+09
1.694640263471323013e+09
1.694640263487310648e+09
1.694640263503321648e+09
1.694640263529333591e+09
1.694640263545338631e+09
1.694640263571236610e+09
1.694640263571236610e+09
1.694640263603217840e+09
1.694640263629302263e+09
1.694640263645224571e+09
1.694640263671128750e+09
1.694640263687151432e+09
1.694640263703165054e+09
1.694640263729242325e+09
1.694640263745151043e+09
1.694640263771032572e+09
1.694640263786999702e+09
1.694640263803032398e+09
1.694640263829041243e+09
1.694640263845015049e+09
1.694640263870906115e+09
1.694640263886937141e+09
1.694640263902948618e+09
1.694640263929016590e+09
1.694640263944921494e+09
1.694640263970812082e+09
1.694640263986828327e+09
1.694640264002869368e+09
1.694640264029883146e+09
1.694640264045838118e+09
1.694640264071787357e+09
1.694640264087788820e+09
1.694640264103798389e+09
1.694640264129705191e+09
1.694640264145733833e+09
1.694640264171644211e+09
1.694640264187638760e+09
1.694640264203641891e+09
1.694640264229629993e+09
1.694640264245654821e+09
1.694640264271505594e+09
1.694640264287523031e+09
1.694640264303544044e+09
1.694640264329494238e+09
1.694640264329494238e+09
1.694640264371446371e+09
1.694640264387429714e+09
1.694640264403421164e+09
1.694640264429490805e+09
1.694640264445473671e+09
1.694640264471388340e+09
1.694640264487357140e+09
1.694640264503392458e+09
1.694640264529393911e+09
1.694640264545320988e+09
1.694640264571212530e+09
1.694640264587219715e+09
1.694640264603243828e+09
1.694640264629226446e+09
1.694640264645267010e+09
1.694640264671168327e+09
1.694640264687151909e+09
1.694640264703145266e+09
1.694640264729136944e+09
1.694640264745092630e+09
1.694640264771006346e+09
1.694640264787003994e+09
1.694640264803061008e+09
1.694640264829052210e+09
1.694640264845034361e+09
1.694640264870942354e+09
1.694640264886895180e+09
1.694640264902877092e+09
