1.699989879375614643e+09
1.699989879473329067e+09
1.699989879570356131e+09
1.699989879671459198e+09
1.699989879771138430e+09
1.699989879870092869e+09
1.699989879971779585e+09
1.699989880071786165e+09
1.699989880173810005e+09
1.699989880271271944e+09
1.699989880373383999e+09
1.699989880471289396e+09
1.699989880569944143e+09
1.699989880673517942e+09
1.699989880772244215e+09
1.699989880869655848e+09
1.699989880972192526e+09
1.699989881070799351e+09
1.699989881170329571e+09
1.699989881269404411e+09
1.699989881375729084e+09
1.699989881474654436e+09
1.699989881574335814e+09
1.699989881673041105e+09
1.699989881771162271e+09
1.699989881874106407e+09
1.699989881972457647e+09
1.699989882070621967e+09
1.699989882202384233e+09
1.699989882275478125e+09
1.699989882373037338e+09
1.699989882471386909e+09
1.699989882570529222e+09
1.699989882675201654e+09
1.699989882778615475e+09
1.699989882871518850e+09
1.699989882974148512e+09
1.699989883100589514e+09
1.699989883176616669e+09
1.699989883303192616e+09
1.699989883369436979e+09
1.699989883498367071e+09
1.699989883574845076e+09
1.699989883673672915e+09
1.699989883773477793e+09
1.699989883873779297e+09
1.699989883971507072e+09
1.699989884071557999e+09
1.699989884199672461e+09
1.699989884270597935e+09
1.699989884370464087e+09
1.699989884470226526e+09
1.699989884578600407e+09
1.699989884668173790e+09
1.699989884769329309e+09
1.699989884870945215e+09
1.699989884969069242e+09
1.699989885074673176e+09
1.699989885170587778e+09
1.699989885275154352e+09
1.699989885372607231e+09
1.699989885474631310e+09
1.699989885598500252e+09
1.699989885670507193e+09
1.699989885770445585e+09
1.699989885876600504e+09
1.699989885998323917e+09
1.699989886071711063e+09
1.699989886174740314e+09
1.699989886272572994e+09
1.699989886371507645e+09
1.699989886498221874e+09
1.699989886598376036e+09
1.699989886678748131e+09
1.699989886797296047e+09
1.699989886899412870e+09
1.699989886976288319e+09
1.699989887100447178e+09
1.699989887171362877e+09
1.699989887277226686e+09
1.699989887400726318e+09
1.699989887497210026e+09
1.699989887575816870e+09
1.699989887670624733e+09
1.699989887773978949e+09
1.699989887875459194e+09
1.699989888000188828e+09
1.699989888098747730e+09
1.699989888176010609e+09
1.699989888270319700e+09
1.699989888372748137e+09
1.699989888474140406e+09
1.699989888600784779e+09
1.699989888678021669e+09
1.699989888775798798e+09
1.699989888872580290e+09
1.699989888973307133e+09
1.699989889099590063e+09
1.699989889175059795e+09
1.699989889270088434e+09
1.699989889375146389e+09
1.699989889477076292e+09
1.699989889576250792e+09
1.699989889676606178e+09
1.699989889771309376e+09
1.699989889877553940e+09
1.699989889997456312e+09
1.699989890077827692e+09
1.699989890200484991e+09
1.699989890275030375e+09
1.699989890376358986e+09
1.699989890474627495e+09
1.699989890575907469e+09
1.699989890676821947e+09
1.699989890775921583e+09
1.699989890878172874e+09
1.699989890975580454e+09
1.699989891097496271e+09
1.699989891178679466e+09
1.699989891297259331e+09
1.699989891373707771e+09
1.699989891480082750e+09
1.699989891571363926e+09
1.699989891673261166e+09
1.699989891774085283e+09
1.699989891874508142e+09
1.699989891978631020e+09
1.699989892074772358e+09
1.699989892172322750e+09
1.699989892276843548e+09
1.699989892375564575e+09
1.699989892473011971e+09
1.699989892576321602e+09
1.699989892673575163e+09
1.699989892772096634e+09
1.699989892876099110e+09
1.699989892974465370e+09
1.699989893070312023e+09
1.699989893178841352e+09
1.699989893277707100e+09
1.699989893373826265e+09
1.699989893477294207e+09
1.699989893574157000e+09
1.699989893675636053e+09
1.699989893775676727e+09
1.699989893875329494e+09
1.699989893973531246e+09
1.699989894077126503e+09
1.699989894172251225e+09
1.699989894274248838e+09
1.699989894371134520e+09
1.699989894473668337e+09
1.699989894578313589e+09
1.699989894676706076e+09
1.699989894774630785e+09
1.699989894874286175e+09
1.699989894975713015e+09
1.699989895074966192e+09
1.699989895176181793e+09
1.699989895274599552e+09
1.699989895371872425e+09
1.699989895476806164e+09
1.699989895577242136e+09
1.699989895672705889e+09
1.699989895778529406e+09
1.699989895877483130e+09
1.699989895973021507e+09
1.699989896071529388e+09
1.699989896173770666e+09
1.699989896276129007e+09
1.699989896378237963e+09
1.699989896475857019e+09
1.699989896573821783e+09
1.699989896674824238e+09
1.699989896772359133e+09
1.699989896872400045e+09
1.699989896971652746e+09
1.699989897073143005e+09
1.699989897174961090e+09
1.699989897275992393e+09
1.699989897374711752e+09
1.699989897478400946e+09
1.699989897575894356e+09
1.699989897675594091e+09
1.699989897773666143e+09
1.699989897874489069e+09
1.699989897976058722e+09
1.699989898073903084e+09
1.699989898176575184e+09
1.699989898275339365e+09
1.699989898375950098e+09
1.699989898475289345e+09
1.699989898573028564e+09
1.699989898675080776e+09
1.699989898771602869e+09
1.699989898875305891e+09
1.699989898980013847e+09
1.699989899078067780e+09
1.699989899171529770e+09
1.699989899275472403e+09
1.699989899377609015e+09
1.699989899475516081e+09
1.699989899576106548e+09
1.699989899677383661e+09
1.699989899776629448e+09
1.699989899871837854e+09
1.699989899975800991e+09
1.699989900074927568e+09
1.699989900174223185e+09
1.699989900277498484e+09
1.699989900376106977e+09
1.699989900483120203e+09
1.699989900581334829e+09
1.699989900673170567e+09
1.699989900780841112e+09
1.699989900870609283e+09
1.699989900974388838e+09
1.699989901076562881e+09
1.699989901177444458e+09
1.699989901280365705e+09
1.699989901378778934e+09
1.699989901476175547e+09
1.699989901579346418e+09
1.699989901672918797e+09
1.699989901779703379e+09
1.699989901878907919e+09
1.699989901980087757e+09
1.699989902072075367e+09
1.699989902171279907e+09
1.699989902277166128e+09
1.699989902380217552e+09
1.699989902480240107e+09
1.699989902575110674e+09
1.699989902676963329e+09
1.699989902780087709e+09
1.699989902880854130e+09
1.699989902982454062e+09
1.699989903080309868e+09
1.699989903174273014e+09
1.699989903278295040e+09
1.699989903374389172e+09
1.699989903477890015e+09
1.699989903579750061e+09
1.699989903681245804e+09
1.699989903781105757e+09
1.699989903877730131e+09
1.699989903980308533e+09
1.699989904081293583e+09
1.699989904182344437e+09
1.699989904278124094e+09
1.699989904379462004e+09
1.699989904480661392e+09
1.699989904583786249e+09
1.699989904678486586e+09
1.699989904780604839e+09
1.699989904881446362e+09
1.699989904981451988e+09
1.699989905079217911e+09
1.699989905179738760e+09
1.699989905281460762e+09
1.699989905377287626e+09
1.699989905482415915e+09
1.699989905585159063e+09
1.699989905682022333e+09
1.699989905780695677e+09
1.699989905884379864e+09
1.699989905983623028e+09
1.699989906076792240e+09
1.699989906179989576e+09
1.699989906268270731e+09
1.699989906374835014e+09
1.699989906475157499e+09
1.699989906580263853e+09
1.699989906682612419e+09
1.699989906784299850e+09
1.699989906869249821e+09
1.699989906968176365e+09
1.699989907084249020e+09
1.699989907169742107e+09
1.699989907277633190e+09
1.699989907377169609e+09
1.699989907484112978e+09
1.699989907580784798e+09
1.699989907670300722e+09
1.699989907777945518e+09
1.699989907883378983e+09
1.699989907981919289e+09
1.699989908068800449e+09
1.699989908167830706e+09
1.699989908274931192e+09
1.699989908373508692e+09
1.699989908482084990e+09
1.699989908583567619e+09
1.699989908674937010e+09
1.699989908776665211e+09
1.699989908878581762e+09
1.699989908976696253e+09
1.699989909073697329e+09
1.699989909175778389e+09
1.699989909275078297e+09
1.699989909377654791e+09
1.699989909474475622e+09
1.699989909569419861e+09
1.699989909670522213e+09
1.699989909773385286e+09
1.699989909875383139e+09
1.699989909968278885e+09
1.699989910069483995e+09
1.699989910169642210e+09
1.699989910277076721e+09
1.699989910369850636e+09
1.699989910469604015e+09
1.699989910569385767e+09
1.699989910670663118e+09
1.699989910768014669e+09
1.699989910868577242e+09
1.699989910975449085e+09
1.699989911068490267e+09
1.699989911169719696e+09
1.699989911267083645e+09
1.699989911369799614e+09
1.699989911467278481e+09
1.699989911567974806e+09
1.699989911667874098e+09
1.699989911769090414e+09
1.699989911869383812e+09
1.699989911968190908e+09
1.699989912069776297e+09
1.699989912170439959e+09
1.699989912271818876e+09
1.699989912367169619e+09
1.699989912467607975e+09
1.699989912568555832e+09
1.699989912670001268e+09
1.699989912767939091e+09
1.699989912867963076e+09
1.699989912968955994e+09
1.699989913067851305e+09
1.699989913169763803e+09
1.699989913267879963e+09
1.699989913369289398e+09
1.699989913467163563e+09
1.699989913567734480e+09
1.699989913669447422e+09
1.699989913768788815e+09
1.699989913867794037e+09
1.699989913968877077e+09
1.699989914069142342e+09
1.699989914168245792e+09
1.699989914270258427e+09
1.699989914370959520e+09
1.699989914469921827e+09
1.699989914568069220e+09
1.699989914670396090e+09
1.699989914768457413e+09
1.699989914870450258e+09
1.699989914968881369e+09
1.699989915070582151e+09
1.699989915169036150e+09
1.699989915270198584e+09
1.699989915364084721e+09
1.699989915469555855e+09
1.699989915567571163e+09
1.699989915683068991e+09
1.699989915762614012e+09
1.699989915870771885e+09
1.699989915968577147e+09
1.699989916068058014e+09
1.699989916170924425e+09
1.699989916268429041e+09
1.699989916413362265e+09
1.699989916506009579e+09
1.699989916568246841e+09
1.699989916667675972e+09
1.699989916770676851e+09
1.699989916868028641e+09
1.699989916969506502e+09
1.699989917103811026e+09
1.699989917171822548e+09
1.699989917264949083e+09
1.699989917404024601e+09
1.699989917468538523e+09
1.699989917568306684e+09
1.699989917669833183e+09
1.699989917769011974e+09
1.699989917870158195e+09
1.699989917968829155e+09
1.699989918069856405e+09
1.699989918168476343e+09
1.699989918269356251e+09
1.699989918373262167e+09
1.699989918472908258e+09
1.699989918570655823e+09
1.699989918670813799e+09
1.699989918761691570e+09
1.699989918872699738e+09
1.699989918972954512e+09
1.699989919072016478e+09
1.699989919171976328e+09
1.699989919271180630e+09
1.699989919373457193e+09
1.699989919472234249e+09
1.699989919571677208e+09
1.699989919673886776e+09
1.699989919769673824e+09
1.699989919871004820e+09
1.699989919969898939e+09
1.699989920069818974e+09
1.699989920170107841e+09
1.699989920271308899e+09
1.699989920365891457e+09
1.699989920472469330e+09
1.699989920572803736e+09
1.699989920672867298e+09
1.699989920772976637e+09
1.699989920868896961e+09
1.699989920970581055e+09
1.699989921068934917e+09
1.699989921168017864e+09
1.699989921270965099e+09
1.699989921369420290e+09
1.699989921467910528e+09
1.699989921567969084e+09
1.699989921670864105e+09
1.699989921799116373e+09
1.699989921870295286e+09
1.699989922000871658e+09
1.699989922070909977e+09
1.699989922169821262e+09
1.699989922297401190e+09
1.699989922366276264e+09
1.699989922467156649e+09
1.699989922569045782e+09
1.699989922667703390e+09
1.699989922770398855e+09
1.699989922867609739e+09
1.699989922969440222e+09
1.699989923071128368e+09
1.699989923168952703e+09
1.699989923270079851e+09
1.699989923367957830e+09
1.699989923470061541e+09
1.699989923567169189e+09
1.699989923668429613e+09
1.699989923769729853e+09
1.699989923865919113e+09
1.699989923971311092e+09
1.699989924070353508e+09
1.699989924169953108e+09
1.699989924315042257e+09
1.699989924369465590e+09
1.699989924469969749e+09
1.699989924600496054e+09
1.699989924700138807e+09
1.699989924768506765e+09
1.699989924868510723e+09
1.699989924967723131e+09
1.699989925098570585e+09
1.699989925170466423e+09
1.699989925271280050e+09
1.699989925369114399e+09
1.699989925470978498e+09
1.699989925570287704e+09
1.699989925696999550e+09
1.699989925798701763e+09
1.699989925870345831e+09
1.699989925970822096e+09
1.699989926097893238e+09
1.699989926200006247e+09
1.699989926299238205e+09
1.699989926397288561e+09
1.699989926470364809e+09
1.699989926568357944e+09
1.699989926699353218e+09
1.699989926797799587e+09
1.699989926899930239e+09
1.699989926998199701e+09
1.699989927100005865e+09
1.699989927170484543e+09
1.699989927270629406e+09
1.699989927368696451e+09
1.699989927473141193e+09
1.699989927570630074e+09
1.699989927697736502e+09
1.699989927797092915e+09
1.699989927894695044e+09
1.699989927970847607e+09
1.699989928068742990e+09
1.699989928198624849e+09
1.699989928269264221e+09
1.699989928397650480e+09
1.699989928470100403e+09
1.699989928599429131e+09
1.699989928698099852e+09
1.699989928799647093e+09
1.699989928897635460e+09
1.699989928969615459e+09
1.699989929068183422e+09
1.699989929175290346e+09
1.699989929298199654e+09
1.699989929371374607e+09
1.699989929469929695e+09
1.699989929598704100e+09
1.699989929671482563e+09
1.699989929768854380e+09
1.699989929868696928e+09
1.699989929970872641e+09
1.699989930099616051e+09
1.699989930198264360e+09
1.699989930268430710e+09
1.699989930370717764e+09
1.699989930469924212e+09
1.699989930599752426e+09
1.699989930670922279e+09
1.699989930770029545e+09
1.699989930900602341e+09
1.699989930970672369e+09
1.699989931069156885e+09
1.699989931170267820e+09
1.699989931273783922e+09
1.699989931370791912e+09
1.699989931500345945e+09
1.699989931566442490e+09
1.699989931668732643e+09
1.699989931770315886e+09
1.699989931867179871e+09
1.699989931967932701e+09
1.699989932065115929e+09
1.699989932172213554e+09
1.699989932268735409e+09
1.699989932404508591e+09
1.699989932500942469e+09
1.699989932568858147e+09
1.699989932668530941e+09
1.699989932768903971e+09
1.699989932869729757e+09
1.699989932998827934e+09
1.699989933067836761e+09
1.699989933199405432e+09
1.699989933274325371e+09
1.699989933399538517e+09
1.699989933471387625e+09
1.699989933570263147e+09
1.699989933668328524e+09
1.699989933770737171e+09
1.699989933868755341e+09
1.699989933967036486e+09
1.699989934072109222e+09
1.699989934169920206e+09
1.699989934276487827e+09
1.699989934378133535e+09
1.699989934466830015e+09
1.699989934570067167e+09
1.699989934700685263e+09
1.699989934769731998e+09
1.699989934872248650e+09
1.699989934971442699e+09
1.699989935071732044e+09
1.699989935199743986e+09
1.699989935299797773e+09
1.699989935368180990e+09
1.699989935474250793e+09
1.699989935571673870e+09
1.699989935699330330e+09
1.699989935768419266e+09
1.699989935873353004e+09
1.699989935973695993e+09
1.699989936071447372e+09
1.699989936170844316e+09
1.699989936296794415e+09
1.699989936397729874e+09
1.699989936497942924e+09
1.699989936597080469e+09
1.699989936676074028e+09
1.699989936773442745e+09
1.699989936876242399e+09
1.699989936970629215e+09
1.699989937100021839e+09
1.699989937173137188e+09
1.699989937270606756e+09
1.699989937369396925e+09
1.699989937498228550e+09
1.699989937598465204e+09
1.699989937670181036e+09
1.699989937773180723e+09
1.699989937870684147e+09
1.699989937968604326e+09
1.699989938072044849e+09
1.699989938173490286e+09
1.699989938268666983e+09
1.699989938371260881e+09
1.699989938498006344e+09
1.699989938570288420e+09
1.699989938674532175e+09
1.699989938773721695e+09
1.699989938872369051e+09
1.699989938970981121e+09
1.699989939076076984e+09
1.699989939186398268e+09
1.699989939274873257e+09
1.699989939376888275e+09
1.699989939475812197e+09
1.699989939599443674e+09
1.699989939700716019e+09
1.699989939768807888e+09
1.699989939897484303e+09
1.699989939977433205e+09
1.699989940075134039e+09
1.699989940177104473e+09
1.699989940276489258e+09
1.699989940370496273e+09
1.699989940470590830e+09
1.699989940576071739e+09
1.699989940678622484e+09
1.699989940797643661e+09
1.699989940874236107e+09
1.699989940975378990e+09
1.699989941071732044e+09
1.699989941179354191e+09
1.699989941273667097e+09
1.699989941375856400e+09
1.699989941475930452e+09
1.699989941573426247e+09
1.699989941699517012e+09
1.699989941768345833e+09
1.699989941870337248e+09
1.699989941998022556e+09
1.699989942068641424e+09
1.699989942170453787e+09
1.699989942297654629e+09
1.699989942368959427e+09
1.699989942499672413e+09
1.699989942597144127e+09
1.699989942697296858e+09
1.699989942770510197e+09
1.699989942900237083e+09
1.699989942998440981e+09
1.699989943099797964e+09
1.699989943198002338e+09
1.699989943268523932e+09
1.699989943397664070e+09
1.699989943472156048e+09
1.699989943598433971e+09
1.699989943699537754e+09
1.699989943800197363e+09
1.699989943897202253e+09
1.699989943997125149e+09
1.699989944070592165e+09
1.699989944177534580e+09
1.699989944299784422e+09
1.699989944370784283e+09
1.699989944499780178e+09
1.699989944598086596e+09
1.699989944697309017e+09
1.699989944774256229e+09
1.699989944878103495e+09
1.699989944972162008e+09
1.699989945099394560e+09
1.699989945200167179e+09
1.699989945298376322e+09
1.699989945398810148e+09
1.699989945473778248e+09
1.699989945597213745e+09
1.699989945697822094e+09
1.699989945770586729e+09
1.699989945897400856e+09
1.699989945998461246e+09
1.699989946071751356e+09
1.699989946168409109e+09
1.699989946270434141e+09
1.699989946370582819e+09
1.699989946497624397e+09
1.699989946597251892e+09
1.699989946670714617e+09
1.699989946799981833e+09
1.699989946898051262e+09
1.699989946974261045e+09
1.699989947070491076e+09
1.699989947198108673e+09
