1.699989879272953272e+09
1.699989879439356327e+09
1.699989879599241257e+09
1.699989879599241257e+09
1.699989879755036354e+09
1.699989879911734819e+09
1.699989879911734819e+09
1.699989880071786165e+09
1.699989880071786165e+09
1.699989880238387585e+09
1.699989880391519547e+09
1.699989880391519547e+09
1.699989880553795338e+09
1.699989880710397243e+09
1.699989880710397243e+09
1.699989880869655848e+09
1.699989880869655848e+09
1.699989881041646242e+09
1.699989881191333532e+09
1.699989881191333532e+09
1.699989881359658241e+09
1.699989881508794546e+09
1.699989881508794546e+09
1.699989881673041105e+09
1.699989881833729982e+09
1.699989881833729982e+09
1.699989881988850117e+09
1.699989881988850117e+09
1.699989882147186279e+09
1.699989882309738874e+09
1.699989882309738874e+09
1.699989882471386909e+09
1.699989882471386909e+09
1.699989882638845682e+09
1.699989882794712305e+09
1.699989882794712305e+09
1.699989882954686642e+09
1.699989883108952284e+09
1.699989883108952284e+09
1.699989883262624264e+09
1.699989883262624264e+09
1.699989883441880703e+09
1.699989883590933561e+09
1.699989883590933561e+09
1.699989883754283190e+09
1.699989883910090208e+09
1.699989883910090208e+09
1.699989884071557999e+09
1.699989884071557999e+09
1.699989884237727642e+09
1.699989884390579700e+09
1.699989884390579700e+09
1.699989884558497429e+09
1.699989884708970785e+09
1.699989884708970785e+09
1.699989884870945215e+09
1.699989884870945215e+09
1.699989885041634083e+09
1.699989885190717459e+09
1.699989885190717459e+09
1.699989885358943939e+09
1.699989885511718988e+09
1.699989885511718988e+09
1.699989885670507193e+09
1.699989885828340769e+09
1.699989885828340769e+09
1.699989885994308710e+09
1.699989885994308710e+09
1.699989886158241987e+09
1.699989886310461521e+09
1.699989886310461521e+09
1.699989886471904755e+09
1.699989886471904755e+09
1.699989886650536060e+09
1.699989886789242983e+09
1.699989886789242983e+09
1.699989886956182957e+09
1.699989887108531475e+09
1.699989887108531475e+09
1.699989887277226686e+09
1.699989887277226686e+09
1.699989887436875105e+09
1.699989887589413166e+09
1.699989887589413166e+09
1.699989887757891893e+09
1.699989887912480354e+09
1.699989887912480354e+09
1.699989888069547653e+09
1.699989888069547653e+09
1.699989888237360477e+09
1.699989888392890930e+09
1.699989888392890930e+09
1.699989888557429075e+09
1.699989888709664345e+09
1.699989888709664345e+09
1.699989888872580290e+09
1.699989889033258438e+09
1.699989889033258438e+09
1.699989889200125456e+09
1.699989889200125456e+09
1.699989889363079309e+09
1.699989889513791561e+09
1.699989889513791561e+09
1.699989889676606178e+09
1.699989889676606178e+09
1.699989889836507082e+09
1.699989889989409447e+09
1.699989889989409447e+09
1.699989890155409098e+09
1.699989890311487198e+09
1.699989890311487198e+09
1.699989890474627495e+09
1.699989890628540993e+09
1.699989890628540993e+09
1.699989890791990042e+09
1.699989890791990042e+09
1.699989890954322100e+09
1.699989891114256382e+09
1.699989891114256382e+09
1.699989891269098043e+09
1.699989891429694891e+09
1.699989891429694891e+09
1.699989891591482401e+09
1.699989891591482401e+09
1.699989891758509636e+09
1.699989891911057949e+09
1.699989891911057949e+09
1.699989892074772358e+09
1.699989892228603125e+09
1.699989892228603125e+09
1.699989892391002417e+09
1.699989892391002417e+09
1.699989892558930874e+09
1.699989892710808277e+09
1.699989892710808277e+09
1.699989892876099110e+09
1.699989893030359268e+09
1.699989893030359268e+09
1.699989893194948912e+09
1.699989893194948912e+09
1.699989893358449697e+09
1.699989893512477160e+09
1.699989893512477160e+09
1.699989893679659605e+09
1.699989893829101086e+09
1.699989893829101086e+09
1.699989893998894453e+09
1.699989893998894453e+09
1.699989894160186529e+09
1.699989894314731836e+09
1.699989894314731836e+09
1.699989894473668337e+09
1.699989894631840706e+09
1.699989894631840706e+09
1.699989894795708179e+09
1.699989894795708179e+09
1.699989894963645220e+09
1.699989895111153603e+09
1.699989895111153603e+09
1.699989895274599552e+09
1.699989895430570364e+09
1.699989895430570364e+09
1.699989895593336821e+09
1.699989895593336821e+09
1.699989895754411697e+09
1.699989895914590836e+09
1.699989895914590836e+09
1.699989896075547695e+09
1.699989896226037979e+09
1.699989896226037979e+09
1.699989896398331404e+09
1.699989896398331404e+09
1.699989896556894779e+09
1.699989896715010881e+09
1.699989896715010881e+09
1.699989896872400045e+09
1.699989897032108068e+09
1.699989897032108068e+09
1.699989897199067831e+09
1.699989897199067831e+09
1.699989897361966372e+09
1.699989897511547089e+09
1.699989897511547089e+09
1.699989897675594091e+09
1.699989897831989765e+09
1.699989897831989765e+09
1.699989898000175476e+09
1.699989898000175476e+09
1.699989898158907890e+09
1.699989898315565348e+09
1.699989898315565348e+09
1.699989898475289345e+09
1.699989898629327774e+09
1.699989898629327774e+09
1.699989898798836708e+09
1.699989898798836708e+09
1.699989898951868057e+09
1.699989899111235619e+09
1.699989899111235619e+09
1.699989899275472403e+09
1.699989899430457115e+09
1.699989899430457115e+09
1.699989899596368551e+09
1.699989899596368551e+09
1.699989899756514549e+09
1.699989899912465572e+09
1.699989899912465572e+09
1.699989900079005718e+09
1.699989900231098413e+09
1.699989900231098413e+09
1.699989900400220633e+09
1.699989900400220633e+09
1.699989900553196430e+09
1.699989900709491968e+09
1.699989900709491968e+09
1.699989900874631643e+09
1.699989901032087803e+09
1.699989901032087803e+09
1.699989901197578192e+09
1.699989901197578192e+09
1.699989901347530842e+09
1.699989901512370825e+09
1.699989901512370825e+09
1.699989901672918797e+09
1.699989901830813169e+09
1.699989901830813169e+09
1.699989901996480227e+09
1.699989901996480227e+09
1.699989902157752991e+09
1.699989902309549809e+09
1.699989902309549809e+09
1.699989902480240107e+09
1.699989902629329920e+09
1.699989902629329920e+09
1.699989902800416708e+09
1.699989902800416708e+09
1.699989902948424339e+09
1.699989903109030247e+09
1.699989903109030247e+09
1.699989903282318354e+09
1.699989903430816650e+09
1.699989903430816650e+09
1.699989903595839739e+09
1.699989903595839739e+09
1.699989903749379158e+09
1.699989903910250425e+09
1.699989903910250425e+09
1.699989904081293583e+09
1.699989904231735229e+09
1.699989904231735229e+09
1.699989904395573854e+09
1.699989904395573854e+09
1.699989904547121763e+09
1.699989904711909533e+09
1.699989904711909533e+09
1.699989904881446362e+09
1.699989905033712149e+09
1.699989905033712149e+09
1.699989905199861050e+09
1.699989905199861050e+09
1.699989905348902941e+09
1.699989905511361837e+09
1.699989905511361837e+09
1.699989905686044693e+09
1.699989905832295895e+09
1.699989905832295895e+09
1.699989905999681473e+09
1.699989905999681473e+09
1.699989906151846409e+09
1.699989906312506676e+09
1.699989906312506676e+09
1.699989906479172707e+09
1.699989906629978418e+09
1.699989906629978418e+09
1.699989906796452045e+09
1.699989906796452045e+09
1.699989906948317528e+09
1.699989907116433144e+09
1.699989907116433144e+09
1.699989907281654835e+09
1.699989907430042028e+09
1.699989907430042028e+09
1.699989907596861124e+09
1.699989907596861124e+09
1.699989907751702309e+09
1.699989907919558525e+09
1.699989907919558525e+09
1.699989908068800449e+09
1.699989908228814602e+09
1.699989908228814602e+09
1.699989908396767378e+09
1.699989908396767378e+09
1.699989908551178932e+09
1.699989908712957621e+09
1.699989908712957621e+09
1.699989908882605076e+09
1.699989909029455185e+09
1.699989909029455185e+09
1.699989909195889235e+09
1.699989909195889235e+09
1.699989909350861549e+09
1.699989909515572071e+09
1.699989909515572071e+09
1.699989909678566694e+09
1.699989909834152222e+09
1.699989909834152222e+09
1.699989909996411324e+09
1.699989909996411324e+09
1.699989910153568745e+09
1.699989910314217091e+09
1.699989910314217091e+09
1.699989910469604015e+09
1.699989910632448196e+09
1.699989910632448196e+09
1.699989910804212332e+09
1.699989910804212332e+09
1.699989910951091766e+09
1.699989911112699986e+09
1.699989911112699986e+09
1.699989911279126167e+09
1.699989911434364796e+09
1.699989911434364796e+09
1.699989911596956491e+09
1.699989911596956491e+09
1.699989911748969078e+09
1.699989911917658091e+09
1.699989911917658091e+09
1.699989912069776297e+09
1.699989912230741501e+09
1.699989912230741501e+09
1.699989912403372288e+09
1.699989912403372288e+09
1.699989912552301884e+09
1.699989912714287281e+09
1.699989912714287281e+09
1.699989912874861240e+09
1.699989913031356573e+09
1.699989913031356573e+09
1.699989913197950363e+09
1.699989913197950363e+09
1.699989913352741957e+09
1.699989913519454718e+09
1.699989913519454718e+09
1.699989913669447422e+09
1.699989913829114676e+09
1.699989913829114676e+09
1.699989914001042366e+09
1.699989914001042366e+09
1.699989914152157068e+09
1.699989914314507246e+09
1.699989914314507246e+09
1.699989914469921827e+09
1.699989914469921827e+09
1.699989914636435509e+09
1.699989914796605110e+09
1.699989914796605110e+09
1.699989914948779106e+09
1.699989915115057945e+09
1.699989915115057945e+09
1.699989915270198584e+09
1.699989915433538675e+09
1.699989915433538675e+09
1.699989915599844933e+09
1.699989915599844933e+09
1.699989915758589745e+09
1.699989915919055462e+09
1.699989915919055462e+09
1.699989916068058014e+09
1.699989916232016802e+09
1.699989916232016802e+09
1.699989916393088579e+09
1.699989916393088579e+09
1.699989916552189589e+09
1.699989916716268539e+09
1.699989916716268539e+09
1.699989916872044086e+09
1.699989917027044773e+09
1.699989917027044773e+09
1.699989917190052986e+09
1.699989917190052986e+09
1.699989917348292112e+09
1.699989917512866497e+09
1.699989917512866497e+09
1.699989917669833183e+09
1.699989917833728790e+09
1.699989917833728790e+09
1.699989918001005650e+09
1.699989918001005650e+09
1.699989918150908947e+09
1.699989918313887835e+09
1.699989918313887835e+09
1.699989918472908258e+09
1.699989918631623983e+09
1.699989918631623983e+09
1.699989918803714991e+09
1.699989918803714991e+09
1.699989918952844381e+09
1.699989919120962381e+09
1.699989919120962381e+09
1.699989919271180630e+09
1.699989919271180630e+09
1.699989919438373566e+09
1.699989919604288816e+09
1.699989919604288816e+09
1.699989919751793861e+09
1.699989919916843653e+09
1.699989919916843653e+09
1.699989920073843002e+09
1.699989920073843002e+09
1.699989920239079952e+09
1.699989920402064800e+09
1.699989920402064800e+09
1.699989920556460619e+09
1.699989920717083931e+09
1.699989920717083931e+09
1.699989920868896961e+09
1.699989920868896961e+09
1.699989921036012173e+09
1.699989921200198174e+09
1.699989921200198174e+09
1.699989921350797653e+09
1.699989921520262480e+09
1.699989921520262480e+09
1.699989921520262480e+09
1.699989921520262480e+09
1.699989921836973429e+09
1.699989921988796949e+09
1.699989921988796949e+09
1.699989922151393414e+09
1.699989922321641207e+09
1.699989922321641207e+09
1.699989922471196651e+09
1.699989922471196651e+09
1.699989922638804913e+09
1.699989922790545702e+09
1.699989922790545702e+09
1.699989922957268715e+09
1.699989923115949631e+09
1.699989923115949631e+09
1.699989923270079851e+09
1.699989923428270578e+09
1.699989923428270578e+09
1.699989923595632076e+09
1.699989923595632076e+09
1.699989923753628254e+09
1.699989923917337656e+09
1.699989923917337656e+09
1.699989924070353508e+09
1.699989924070353508e+09
1.699989924242140055e+09
1.699989924389565945e+09
1.699989924389565945e+09
1.699989924551611185e+09
1.699989924716218948e+09
1.699989924716218948e+09
1.699989924872532606e+09
1.699989924872532606e+09
1.699989925036563635e+09
1.699989925196781397e+09
1.699989925196781397e+09
1.699989925348956585e+09
1.699989925523275375e+09
1.699989925523275375e+09
1.699989925659088373e+09
1.699989925659088373e+09
1.699989925838912249e+09
1.699989925992687464e+09
1.699989925992687464e+09
1.699989926152979612e+09
1.699989926321125269e+09
1.699989926321125269e+09
1.699989926470364809e+09
1.699989926470364809e+09
1.699989926635047913e+09
1.699989926789757252e+09
1.699989926789757252e+09
1.699989926953417301e+09
1.699989927120116472e+09
1.699989927120116472e+09
1.699989927270629406e+09
1.699989927270629406e+09
1.699989927437421799e+09
1.699989927594764948e+09
1.699989927594764948e+09
1.699989927759701252e+09
1.699989927922407150e+09
1.699989927922407150e+09
1.699989928072767019e+09
1.699989928072767019e+09
1.699989928234795809e+09
1.699989928389605522e+09
1.699989928389605522e+09
1.699989928550775766e+09
1.699989928722213268e+09
1.699989928722213268e+09
1.699989928870139360e+09
1.699989929031819105e+09
1.699989929031819105e+09
1.699989929191384554e+09
1.699989929191384554e+09
1.699989929367366076e+09
1.699989929524637222e+09
1.699989929524637222e+09
1.699989929671482563e+09
1.699989929671482563e+09
1.699989929837707996e+09
1.699989929995140314e+09
1.699989929995140314e+09
1.699989930157196999e+09
1.699989930317526579e+09
1.699989930317526579e+09
1.699989930469924212e+09
1.699989930469924212e+09
1.699989930638907433e+09
1.699989930794153214e+09
1.699989930794153214e+09
1.699989930945027113e+09
1.699989931118712425e+09
1.699989931118712425e+09
1.699989931273783922e+09
1.699989931273783922e+09
1.699989931440460920e+09
1.699989931591001511e+09
1.699989931591001511e+09
1.699989931749155283e+09
1.699989931912680626e+09
1.699989931912680626e+09
1.699989932065115929e+09
1.699989932065115929e+09
1.699989932238542080e+09
1.699989932396445274e+09
1.699989932396445274e+09
1.699989932546771049e+09
1.699989932708855152e+09
1.699989932708855152e+09
1.699989932869729757e+09
1.699989932869729757e+09
1.699989933040312767e+09
1.699989933191373825e+09
1.699989933191373825e+09
1.699989933351299524e+09
1.699989933508831024e+09
1.699989933508831024e+09
1.699989933672336340e+09
1.699989933672336340e+09
1.699989933835355997e+09
1.699989933991165638e+09
1.699989933991165638e+09
1.699989934157854795e+09
1.699989934309470892e+09
1.699989934309470892e+09
1.699989934470851898e+09
1.699989934470851898e+09
1.699989934634763479e+09
1.699989934793866634e+09
1.699989934793866634e+09
1.699989934959372044e+09
1.699989935110323191e+09
1.699989935110323191e+09
1.699989935271674633e+09
1.699989935271674633e+09
1.699989935446014643e+09
1.699989935596910000e+09
1.699989935596910000e+09
1.699989935739730358e+09
1.699989935911222458e+09
1.699989935911222458e+09
1.699989936071447372e+09
1.699989936071447372e+09
1.699989936237721205e+09
1.699989936389703512e+09
1.699989936389703512e+09
1.699989936554804087e+09
1.699989936708962440e+09
1.699989936708962440e+09
1.699989936876242399e+09
1.699989936876242399e+09
1.699989937039019823e+09
1.699989937193234205e+09
1.699989937193234205e+09
1.699989937354417801e+09
1.699989937510302305e+09
1.699989937510302305e+09
1.699989937670181036e+09
1.699989937670181036e+09
1.699989937841306925e+09
1.699989937992757082e+09
1.699989937992757082e+09
1.699989938157385588e+09
1.699989938309388161e+09
1.699989938309388161e+09
1.699989938468624115e+09
1.699989938468624115e+09
1.699989938644792080e+09
1.699989938791318655e+09
1.699989938791318655e+09
1.699989938954205751e+09
1.699989939113370657e+09
1.699989939113370657e+09
1.699989939280165434e+09
1.699989939280165434e+09
1.699989939447027683e+09
1.699989939595197439e+09
1.699989939595197439e+09
1.699989939753354788e+09
1.699989939911705017e+09
1.699989939911705017e+09
1.699989940079138279e+09
1.699989940079138279e+09
1.699989940238431454e+09
1.699989940394631147e+09
1.699989940394631147e+09
1.699989940559784889e+09
1.699989940712526560e+09
1.699989940712526560e+09
1.699989940874236107e+09
1.699989940874236107e+09
1.699989941047311783e+09
1.699989941192302227e+09
1.699989941192302227e+09
1.699989941359495640e+09
1.699989941513127327e+09
1.699989941513127327e+09
1.699989941671378136e+09
1.699989941832930088e+09
1.699989941832930088e+09
1.699989941994001389e+09
1.699989941994001389e+09
1.699989942154054403e+09
1.699989942309710979e+09
1.699989942309710979e+09
1.699989942471502542e+09
1.699989942629458904e+09
1.699989942629458904e+09
1.699989942791151047e+09
1.699989942791151047e+09
1.699989942958157778e+09
1.699989943111869097e+09
1.699989943111869097e+09
1.699989943272545576e+09
1.699989943430027485e+09
1.699989943430027485e+09
1.699989943590024233e+09
1.699989943590024233e+09
1.699989943755894899e+09
1.699989943909312487e+09
1.699989943909312487e+09
1.699989944074816465e+09
1.699989944230557680e+09
1.699989944230557680e+09
1.699989944395107985e+09
1.699989944395107985e+09
1.699989944556567907e+09
1.699989944709359407e+09
1.699989944709359407e+09
1.699989944878103495e+09
1.699989945029056549e+09
1.699989945029056549e+09
1.699989945192029715e+09
1.699989945192029715e+09
1.699989945356213570e+09
1.699989945510551691e+09
1.699989945510551691e+09
1.699989945669677973e+09
1.699989945831965446e+09
1.699989945831965446e+09
1.699989945990415812e+09
1.699989945990415812e+09
1.699989946155982971e+09
1.699989946311019421e+09
1.699989946311019421e+09
1.699989946473182917e+09
1.699989946629537582e+09
1.699989946629537582e+09
1.699989946791937828e+09
1.699989946791937828e+09
1.699989946952780485e+09
1.699989947110707760e+09
1.699989947270633221e+09
