1.694640232619999886e+09
1.694640232640000105e+09
1.694640232660000086e+09
1.694640232680000067e+09
1.694640232700000048e+09
1.694640232720000029e+09
1.694640232740000010e+09
1.694640232759999990e+09
1.694640232779999971e+09
1.694640232799999952e+09
1.694640232819999933e+09
1.694640232839999914e+09
1.694640232859999895e+09
1.694640232880000114e+09
1.694640232900000095e+09
1.694640232920000076e+09
1.694640232940000057e+09
1.694640232960000038e+09
1.694640232980000019e+09
1.694640233000000000e+09
1.694640233019999981e+09
1.694640233039999962e+09
1.694640233059999943e+09
1.694640233079999924e+09
1.694640233099999905e+09
1.694640233119999886e+09
1.694640233140000105e+09
1.694640233160000086e+09
1.694640233180000067e+09
1.694640233200000048e+09
1.694640233220000029e+09
1.694640233240000010e+09
1.694640233259999990e+09
1.694640233279999971e+09
1.694640233299999952e+09
1.694640233319999933e+09
1.694640233339999914e+09
1.694640233359999895e+09
1.694640233380000114e+09
1.694640233400000095e+09
1.694640233420000076e+09
1.694640233440000057e+09
1.694640233460000038e+09
1.694640233480000019e+09
1.694640233500000000e+09
1.694640233519999981e+09
1.694640233539999962e+09
1.694640233559999943e+09
1.694640233579999924e+09
1.694640233599999905e+09
1.694640233619999886e+09
1.694640233640000105e+09
1.694640233660000086e+09
1.694640233680000067e+09
1.694640233700000048e+09
1.694640233720000029e+09
1.694640233740000010e+09
1.694640233759999990e+09
1.694640233779999971e+09
1.694640233799999952e+09
1.694640233819999933e+09
1.694640233839999914e+09
1.694640233859999895e+09
1.694640233880000114e+09
1.694640233900000095e+09
1.694640233920000076e+09
1.694640233940000057e+09
1.694640233960000038e+09
1.694640233980000019e+09
1.694640234000000000e+09
1.694640234019999981e+09
1.694640234039999962e+09
1.694640234059999943e+09
1.694640234079999924e+09
1.694640234099999905e+09
1.694640234119999886e+09
1.694640234140000105e+09
1.694640234160000086e+09
1.694640234180000067e+09
1.694640234200000048e+09
1.694640234220000029e+09
1.694640234240000010e+09
1.694640234259999990e+09
1.694640234279999971e+09
1.694640234299999952e+09
1.694640234319999933e+09
1.694640234339999914e+09
1.694640234359999895e+09
1.694640234380000114e+09
1.694640234400000095e+09
1.694640234420000076e+09
1.694640234440000057e+09
1.694640234460000038e+09
1.694640234480000019e+09
1.694640234500000000e+09
1.694640234519999981e+09
1.694640234539999962e+09
1.694640234559999943e+09
1.694640234579999924e+09
1.694640234599999905e+09
1.694640234619999886e+09
1.694640234640000105e+09
1.694640234660000086e+09
1.694640234680000067e+09
1.694640234700000048e+09
1.694640234720000029e+09
1.694640234740000010e+09
1.694640234759999990e+09
1.694640234779999971e+09
1.694640234799999952e+09
1.694640234819999933e+09
1.694640234839999914e+09
1.694640234859999895e+09
1.694640234880000114e+09
1.694640234900000095e+09
1.694640234920000076e+09
1.694640234940000057e+09
1.694640234960000038e+09
1.694640234980000019e+09
1.694640235000000000e+09
1.694640235019999981e+09
1.694640235039999962e+09
1.694640235059999943e+09
1.694640235079999924e+09
1.694640235099999905e+09
1.694640235119999886e+09
1.694640235140000105e+09
1.694640235160000086e+09
1.694640235180000067e+09
1.694640235200000048e+09
1.694640235220000029e+09
1.694640235240000010e+09
1.694640235259999990e+09
1.694640235279999971e+09
1.694640235299999952e+09
1.694640235319999933e+09
1.694640235339999914e+09
1.694640235359999895e+09
1.694640235380000114e+09
1.694640235400000095e+09
1.694640235420000076e+09
1.694640235440000057e+09
1.694640235460000038e+09
1.694640235480000019e+09
1.694640235500000000e+09
1.694640235519999981e+09
1.694640235539999962e+09
1.694640235559999943e+09
1.694640235579999924e+09
1.694640235599999905e+09
1.694640235619999886e+09
1.694640235640000105e+09
1.694640235660000086e+09
1.694640235680000067e+09
1.694640235700000048e+09
1.694640235720000029e+09
1.694640235740000010e+09
1.694640235759999990e+09
1.694640235779999971e+09
1.694640235799999952e+09
1.694640235819999933e+09
1.694640235839999914e+09
1.694640235859999895e+09
1.694640235880000114e+09
1.694640235900000095e+09
1.694640235920000076e+09
1.694640235940000057e+09
1.694640235960000038e+09
1.694640235980000019e+09
1.694640236000000000e+09
1.694640236019999981e+09
1.694640236039999962e+09
1.694640236059999943e+09
1.694640236079999924e+09
1.694640236099999905e+09
1.694640236119999886e+09
1.694640236140000105e+09
1.694640236160000086e+09
1.694640236180000067e+09
1.694640236200000048e+09
1.694640236220000029e+09
1.694640236240000010e+09
1.694640236259999990e+09
1.694640236279999971e+09
1.694640236299999952e+09
1.694640236319999933e+09
1.694640236339999914e+09
1.694640236359999895e+09
1.694640236380000114e+09
1.694640236400000095e+09
1.694640236420000076e+09
1.694640236440000057e+09
1.694640236460000038e+09
1.694640236480000019e+09
1.694640236500000000e+09
1.694640236519999981e+09
1.694640236539999962e+09
1.694640236559999943e+09
1.694640236579999924e+09
1.694640236599999905e+09
1.694640236619999886e+09
1.694640236640000105e+09
1.694640236660000086e+09
1.694640236680000067e+09
1.694640236700000048e+09
1.694640236720000029e+09
1.694640236740000010e+09
1.694640236759999990e+09
1.694640236779999971e+09
1.694640236799999952e+09
1.694640236819999933e+09
1.694640236839999914e+09
1.694640236859999895e+09
1.694640236880000114e+09
1.694640236900000095e+09
1.694640236920000076e+09
1.694640236940000057e+09
1.694640236960000038e+09
1.694640236980000019e+09
1.694640237000000000e+09
1.694640237019999981e+09
1.694640237039999962e+09
1.694640237059999943e+09
1.694640237079999924e+09
1.694640237099999905e+09
1.694640237119999886e+09
1.694640237140000105e+09
1.694640237160000086e+09
1.694640237180000067e+09
1.694640237200000048e+09
1.694640237220000029e+09
1.694640237240000010e+09
1.694640237259999990e+09
1.694640237279999971e+09
1.694640237299999952e+09
1.694640237319999933e+09
1.694640237339999914e+09
1.694640237359999895e+09
1.694640237380000114e+09
1.694640237400000095e+09
1.694640237420000076e+09
1.694640237440000057e+09
1.694640237460000038e+09
1.694640237480000019e+09
1.694640237500000000e+09
1.694640237519999981e+09
1.694640237539999962e+09
1.694640237559999943e+09
1.694640237579999924e+09
1.694640237599999905e+09
1.694640237619999886e+09
1.694640237640000105e+09
1.694640237660000086e+09
1.694640237680000067e+09
1.694640237700000048e+09
1.694640237720000029e+09
1.694640237740000010e+09
1.694640237759999990e+09
1.694640237779999971e+09
1.694640237799999952e+09
1.694640237819999933e+09
1.694640237839999914e+09
1.694640237859999895e+09
1.694640237880000114e+09
1.694640237900000095e+09
1.694640237920000076e+09
1.694640237940000057e+09
1.694640237960000038e+09
1.694640237980000019e+09
1.694640238000000000e+09
1.694640238019999981e+09
1.694640238039999962e+09
1.694640238059999943e+09
1.694640238079999924e+09
1.694640238099999905e+09
1.694640238119999886e+09
1.694640238140000105e+09
1.694640238160000086e+09
1.694640238180000067e+09
1.694640238200000048e+09
1.694640238220000029e+09
1.694640238240000010e+09
1.694640238259999990e+09
1.694640238279999971e+09
1.694640238299999952e+09
1.694640238319999933e+09
1.694640238339999914e+09
1.694640238359999895e+09
1.694640238380000114e+09
1.694640238400000095e+09
1.694640238420000076e+09
1.694640238440000057e+09
1.694640238460000038e+09
1.694640238480000019e+09
1.694640238500000000e+09
1.694640238519999981e+09
1.694640238539999962e+09
1.694640238559999943e+09
1.694640238579999924e+09
1.694640238599999905e+09
1.694640238619999886e+09
1.694640238640000105e+09
1.694640238660000086e+09
1.694640238680000067e+09
1.694640238700000048e+09
1.694640238720000029e+09
1.694640238740000010e+09
1.694640238759999990e+09
1.694640238779999971e+09
1.694640238799999952e+09
1.694640238819999933e+09
1.694640238839999914e+09
1.694640238859999895e+09
1.694640238880000114e+09
1.694640238900000095e+09
1.694640238920000076e+09
1.694640238940000057e+09
1.694640238960000038e+09
1.694640238980000019e+09
1.694640239000000000e+09
1.694640239019999981e+09
1.694640239039999962e+09
1.694640239059999943e+09
1.694640239079999924e+09
1.694640239099999905e+09
1.694640239119999886e+09
1.694640239140000105e+09
1.694640239160000086e+09
1.694640239180000067e+09
1.694640239200000048e+09
1.694640239220000029e+09
1.694640239240000010e+09
1.694640239259999990e+09
1.694640239279999971e+09
1.694640239299999952e+09
1.694640239319999933e+09
1.694640239339999914e+09
1.694640239359999895e+09
1.694640239380000114e+09
1.694640239400000095e+09
1.694640239420000076e+09
1.694640239440000057e+09
1.694640239460000038e+09
1.694640239480000019e+09
1.694640239500000000e+09
1.694640239519999981e+09
1.694640239539999962e+09
1.694640239559999943e+09
1.694640239579999924e+09
1.694640239599999905e+09
1.694640239619999886e+09
1.694640239640000105e+09
1.694640239660000086e+09
1.694640239680000067e+09
1.694640239700000048e+09
1.694640239720000029e+09
1.694640239740000010e+09
1.694640239759999990e+09
1.694640239779999971e+09
1.694640239799999952e+09
1.694640239819999933e+09
1.694640239839999914e+09
1.694640239859999895e+09
1.694640239880000114e+09
1.694640239900000095e+09
1.694640239920000076e+09
1.694640239940000057e+09
1.694640239960000038e+09
1.694640239980000019e+09
1.694640240000000000e+09
1.694640240019999981e+09
1.694640240039999962e+09
1.694640240059999943e+09
1.694640240079999924e+09
1.694640240099999905e+09
1.694640240119999886e+09
1.694640240140000105e+09
1.694640240160000086e+09
1.694640240180000067e+09
1.694640240200000048e+09
1.694640240220000029e+09
1.694640240240000010e+09
1.694640240259999990e+09
1.694640240279999971e+09
1.694640240299999952e+09
1.694640240319999933e+09
1.694640240339999914e+09
1.694640240359999895e+09
1.694640240380000114e+09
1.694640240400000095e+09
1.694640240420000076e+09
1.694640240440000057e+09
1.694640240460000038e+09
1.694640240480000019e+09
1.694640240500000000e+09
1.694640240519999981e+09
1.694640240539999962e+09
1.694640240559999943e+09
1.694640240579999924e+09
1.694640240599999905e+09
1.694640240619999886e+09
1.694640240640000105e+09
1.694640240660000086e+09
1.694640240680000067e+09
1.694640240700000048e+09
1.694640240720000029e+09
1.694640240740000010e+09
1.694640240759999990e+09
1.694640240779999971e+09
1.694640240799999952e+09
1.694640240819999933e+09
1.694640240839999914e+09
1.694640240859999895e+09
1.694640240880000114e+09
1.694640240900000095e+09
1.694640240920000076e+09
1.694640240940000057e+09
1.694640240960000038e+09
1.694640240980000019e+09
1.694640241000000000e+09
1.694640241019999981e+09
1.694640241039999962e+09
1.694640241059999943e+09
1.694640241079999924e+09
1.694640241099999905e+09
1.694640241119999886e+09
1.694640241140000105e+09
1.694640241160000086e+09
1.694640241180000067e+09
1.694640241200000048e+09
1.694640241220000029e+09
1.694640241240000010e+09
1.694640241259999990e+09
1.694640241279999971e+09
1.694640241299999952e+09
1.694640241319999933e+09
1.694640241339999914e+09
1.694640241359999895e+09
1.694640241380000114e+09
1.694640241400000095e+09
1.694640241420000076e+09
1.694640241440000057e+09
1.694640241460000038e+09
1.694640241480000019e+09
1.694640241500000000e+09
1.694640241519999981e+09
1.694640241539999962e+09
1.694640241559999943e+09
1.694640241579999924e+09
1.694640241599999905e+09
1.694640241619999886e+09
1.694640241640000105e+09
1.694640241660000086e+09
1.694640241680000067e+09
1.694640241700000048e+09
1.694640241720000029e+09
1.694640241740000010e+09
1.694640241759999990e+09
1.694640241779999971e+09
1.694640241799999952e+09
1.694640241819999933e+09
1.694640241839999914e+09
1.694640241859999895e+09
1.694640241880000114e+09
1.694640241900000095e+09
1.694640241920000076e+09
1.694640241940000057e+09
1.694640241960000038e+09
1.694640241980000019e+09
1.694640242000000000e+09
1.694640242019999981e+09
1.694640242039999962e+09
1.694640242059999943e+09
1.694640242079999924e+09
1.694640242099999905e+09
1.694640242119999886e+09
1.694640242140000105e+09
1.694640242160000086e+09
1.694640242180000067e+09
1.694640242200000048e+09
1.694640242220000029e+09
1.694640242240000010e+09
1.694640242259999990e+09
1.694640242279999971e+09
1.694640242299999952e+09
1.694640242319999933e+09
1.694640242339999914e+09
1.694640242359999895e+09
1.694640242380000114e+09
1.694640242400000095e+09
1.694640242420000076e+09
1.694640242440000057e+09
1.694640242460000038e+09
1.694640242480000019e+09
1.694640242500000000e+09
1.694640242519999981e+09
1.694640242539999962e+09
1.694640242559999943e+09
1.694640242579999924e+09
1.694640242599999905e+09
1.694640242619999886e+09
1.694640242640000105e+09
1.694640242660000086e+09
1.694640242680000067e+09
1.694640242700000048e+09
1.694640242720000029e+09
1.694640242740000010e+09
1.694640242759999990e+09
1.694640242779999971e+09
1.694640242799999952e+09
1.694640242819999933e+09
1.694640242839999914e+09
1.694640242859999895e+09
1.694640242880000114e+09
1.694640242900000095e+09
1.694640242920000076e+09
1.694640242940000057e+09
1.694640242960000038e+09
1.694640242980000019e+09
1.694640243000000000e+09
1.694640243019999981e+09
1.694640243039999962e+09
1.694640243059999943e+09
1.694640243079999924e+09
1.694640243099999905e+09
1.694640243119999886e+09
1.694640243140000105e+09
1.694640243160000086e+09
1.694640243180000067e+09
1.694640243200000048e+09
1.694640243220000029e+09
1.694640243240000010e+09
1.694640243259999990e+09
1.694640243279999971e+09
1.694640243299999952e+09
1.694640243319999933e+09
1.694640243339999914e+09
1.694640243359999895e+09
1.694640243380000114e+09
1.694640243400000095e+09
1.694640243420000076e+09
1.694640243440000057e+09
1.694640243460000038e+09
1.694640243480000019e+09
1.694640243500000000e+09
1.694640243519999981e+09
1.694640243539999962e+09
1.694640243559999943e+09
1.694640243579999924e+09
1.694640243599999905e+09
1.694640243619999886e+09
1.694640243640000105e+09
1.694640243660000086e+09
1.694640243680000067e+09
1.694640243700000048e+09
1.694640243720000029e+09
1.694640243740000010e+09
1.694640243759999990e+09
1.694640243779999971e+09
1.694640243799999952e+09
1.694640243819999933e+09
1.694640243839999914e+09
1.694640243859999895e+09
1.694640243880000114e+09
1.694640243900000095e+09
1.694640243920000076e+09
1.694640243940000057e+09
1.694640243960000038e+09
1.694640243980000019e+09
1.694640244000000000e+09
1.694640244019999981e+09
1.694640244039999962e+09
1.694640244059999943e+09
1.694640244079999924e+09
1.694640244099999905e+09
1.694640244119999886e+09
1.694640244140000105e+09
1.694640244160000086e+09
1.694640244180000067e+09
1.694640244200000048e+09
1.694640244220000029e+09
1.694640244240000010e+09
1.694640244259999990e+09
1.694640244279999971e+09
1.694640244299999952e+09
1.694640244319999933e+09
1.694640244339999914e+09
1.694640244359999895e+09
1.694640244380000114e+09
1.694640244400000095e+09
1.694640244420000076e+09
1.694640244440000057e+09
1.694640244460000038e+09
1.694640244480000019e+09
1.694640244500000000e+09
1.694640244519999981e+09
1.694640244539999962e+09
1.694640244559999943e+09
1.694640244579999924e+09
1.694640244599999905e+09
1.694640244619999886e+09
1.694640244640000105e+09
1.694640244660000086e+09
1.694640244680000067e+09
1.694640244700000048e+09
1.694640244720000029e+09
1.694640244740000010e+09
1.694640244759999990e+09
1.694640244779999971e+09
1.694640244799999952e+09
1.694640244819999933e+09
1.694640244839999914e+09
1.694640244859999895e+09
1.694640244880000114e+09
1.694640244900000095e+09
1.694640244920000076e+09
1.694640244940000057e+09
1.694640244960000038e+09
1.694640244980000019e+09
1.694640245000000000e+09
1.694640245019999981e+09
1.694640245039999962e+09
1.694640245059999943e+09
1.694640245079999924e+09
1.694640245099999905e+09
1.694640245119999886e+09
1.694640245140000105e+09
1.694640245160000086e+09
1.694640245180000067e+09
1.694640245200000048e+09
1.694640245220000029e+09
1.694640245240000010e+09
1.694640245259999990e+09
1.694640245279999971e+09
1.694640245299999952e+09
1.694640245319999933e+09
1.694640245339999914e+09
1.694640245359999895e+09
1.694640245380000114e+09
1.694640245400000095e+09
1.694640245420000076e+09
1.694640245440000057e+09
1.694640245460000038e+09
1.694640245480000019e+09
1.694640245500000000e+09
1.694640245519999981e+09
1.694640245539999962e+09
1.694640245559999943e+09
1.694640245579999924e+09
1.694640245599999905e+09
1.694640245619999886e+09
1.694640245640000105e+09
1.694640245660000086e+09
1.694640245680000067e+09
1.694640245700000048e+09
1.694640245720000029e+09
1.694640245740000010e+09
1.694640245759999990e+09
1.694640245779999971e+09
1.694640245799999952e+09
1.694640245819999933e+09
1.694640245839999914e+09
1.694640245859999895e+09
1.694640245880000114e+09
1.694640245900000095e+09
1.694640245920000076e+09
1.694640245940000057e+09
1.694640245960000038e+09
1.694640245980000019e+09
1.694640246000000000e+09
1.694640246019999981e+09
1.694640246039999962e+09
1.694640246059999943e+09
1.694640246079999924e+09
1.694640246099999905e+09
1.694640246119999886e+09
1.694640246140000105e+09
1.694640246160000086e+09
1.694640246180000067e+09
1.694640246200000048e+09
1.694640246220000029e+09
1.694640246240000010e+09
1.694640246259999990e+09
1.694640246279999971e+09
1.694640246299999952e+09
1.694640246319999933e+09
1.694640246339999914e+09
1.694640246359999895e+09
1.694640246380000114e+09
1.694640246400000095e+09
1.694640246420000076e+09
1.694640246440000057e+09
1.694640246460000038e+09
1.694640246480000019e+09
1.694640246500000000e+09
1.694640246519999981e+09
1.694640246539999962e+09
1.694640246559999943e+09
1.694640246579999924e+09
1.694640246599999905e+09
1.694640246619999886e+09
1.694640246640000105e+09
1.694640246660000086e+09
1.694640246680000067e+09
1.694640246700000048e+09
1.694640246720000029e+09
1.694640246740000010e+09
1.694640246759999990e+09
1.694640246779999971e+09
1.694640246799999952e+09
1.694640246819999933e+09
1.694640246839999914e+09
1.694640246859999895e+09
1.694640246880000114e+09
1.694640246900000095e+09
1.694640246920000076e+09
1.694640246940000057e+09
1.694640246960000038e+09
1.694640246980000019e+09
1.694640247000000000e+09
1.694640247019999981e+09
1.694640247039999962e+09
1.694640247059999943e+09
1.694640247079999924e+09
1.694640247099999905e+09
1.694640247119999886e+09
1.694640247140000105e+09
1.694640247160000086e+09
1.694640247180000067e+09
1.694640247200000048e+09
1.694640247220000029e+09
1.694640247240000010e+09
1.694640247259999990e+09
1.694640247279999971e+09
1.694640247299999952e+09
1.694640247319999933e+09
1.694640247339999914e+09
1.694640247359999895e+09
1.694640247380000114e+09
1.694640247400000095e+09
1.694640247420000076e+09
1.694640247440000057e+09
1.694640247460000038e+09
1.694640247480000019e+09
1.694640247500000000e+09
1.694640247519999981e+09
1.694640247539999962e+09
1.694640247559999943e+09
1.694640247579999924e+09
1.694640247599999905e+09
1.694640247619999886e+09
1.694640247640000105e+09
1.694640247660000086e+09
1.694640247680000067e+09
1.694640247700000048e+09
1.694640247720000029e+09
1.694640247740000010e+09
1.694640247759999990e+09
1.694640247779999971e+09
1.694640247799999952e+09
1.694640247819999933e+09
1.694640247839999914e+09
1.694640247859999895e+09
1.694640247880000114e+09
1.694640247900000095e+09
1.694640247920000076e+09
1.694640247940000057e+09
1.694640247960000038e+09
1.694640247980000019e+09
1.694640248000000000e+09
1.694640248019999981e+09
1.694640248039999962e+09
1.694640248059999943e+09
1.694640248079999924e+09
1.694640248099999905e+09
1.694640248119999886e+09
1.694640248140000105e+09
1.694640248160000086e+09
1.694640248180000067e+09
1.694640248200000048e+09
1.694640248220000029e+09
1.694640248240000010e+09
1.694640248259999990e+09
1.694640248279999971e+09
1.694640248299999952e+09
1.694640248319999933e+09
1.694640248339999914e+09
1.694640248359999895e+09
1.694640248380000114e+09
1.694640248400000095e+09
1.694640248420000076e+09
1.694640248440000057e+09
1.694640248460000038e+09
1.694640248480000019e+09
1.694640248500000000e+09
1.694640248519999981e+09
1.694640248539999962e+09
1.694640248559999943e+09
1.694640248579999924e+09
1.694640248599999905e+09
1.694640248619999886e+09
1.694640248640000105e+09
1.694640248660000086e+09
1.694640248680000067e+09
1.694640248700000048e+09
1.694640248720000029e+09
1.694640248740000010e+09
1.694640248759999990e+09
1.694640248779999971e+09
1.694640248799999952e+09
1.694640248819999933e+09
1.694640248839999914e+09
1.694640248859999895e+09
1.694640248880000114e+09
1.694640248900000095e+09
1.694640248920000076e+09
1.694640248940000057e+09
1.694640248960000038e+09
1.694640248980000019e+09
1.694640249000000000e+09
1.694640249019999981e+09
1.694640249039999962e+09
1.694640249059999943e+09
1.694640249079999924e+09
1.694640249099999905e+09
1.694640249119999886e+09
1.694640249140000105e+09
1.694640249160000086e+09
1.694640249180000067e+09
1.694640249200000048e+09
1.694640249220000029e+09
1.694640249240000010e+09
1.694640249259999990e+09
1.694640249279999971e+09
1.694640249299999952e+09
1.694640249319999933e+09
1.694640249339999914e+09
1.694640249359999895e+09
1.694640249380000114e+09
1.694640249400000095e+09
1.694640249420000076e+09
1.694640249440000057e+09
1.694640249460000038e+09
1.694640249480000019e+09
1.694640249500000000e+09
1.694640249519999981e+09
1.694640249539999962e+09
1.694640249559999943e+09
1.694640249579999924e+09
1.694640249599999905e+09
1.694640249619999886e+09
1.694640249640000105e+09
1.694640249660000086e+09
1.694640249680000067e+09
1.694640249700000048e+09
1.694640249720000029e+09
1.694640249740000010e+09
1.694640249759999990e+09
1.694640249779999971e+09
1.694640249799999952e+09
1.694640249819999933e+09
1.694640249839999914e+09
1.694640249859999895e+09
1.694640249880000114e+09
1.694640249900000095e+09
1.694640249920000076e+09
1.694640249940000057e+09
1.694640249960000038e+09
1.694640249980000019e+09
1.694640250000000000e+09
1.694640250019999981e+09
1.694640250039999962e+09
1.694640250059999943e+09
1.694640250079999924e+09
1.694640250099999905e+09
1.694640250119999886e+09
1.694640250140000105e+09
1.694640250160000086e+09
1.694640250180000067e+09
1.694640250200000048e+09
1.694640250220000029e+09
1.694640250240000010e+09
1.694640250259999990e+09
1.694640250279999971e+09
1.694640250299999952e+09
1.694640250319999933e+09
1.694640250339999914e+09
1.694640250359999895e+09
1.694640250380000114e+09
1.694640250400000095e+09
1.694640250420000076e+09
1.694640250440000057e+09
1.694640250460000038e+09
1.694640250480000019e+09
1.694640250500000000e+09
1.694640250519999981e+09
1.694640250539999962e+09
1.694640250559999943e+09
1.694640250579999924e+09
1.694640250599999905e+09
1.694640250619999886e+09
1.694640250640000105e+09
1.694640250660000086e+09
1.694640250680000067e+09
1.694640250700000048e+09
1.694640250720000029e+09
1.694640250740000010e+09
1.694640250759999990e+09
1.694640250779999971e+09
1.694640250799999952e+09
1.694640250819999933e+09
1.694640250839999914e+09
1.694640250859999895e+09
1.694640250880000114e+09
1.694640250900000095e+09
1.694640250920000076e+09
1.694640250940000057e+09
1.694640250960000038e+09
1.694640250980000019e+09
1.694640251000000000e+09
1.694640251019999981e+09
1.694640251039999962e+09
1.694640251059999943e+09
1.694640251079999924e+09
1.694640251099999905e+09
1.694640251119999886e+09
1.694640251140000105e+09
1.694640251160000086e+09
1.694640251180000067e+09
1.694640251200000048e+09
1.694640251220000029e+09
1.694640251240000010e+09
1.694640251259999990e+09
1.694640251279999971e+09
1.694640251299999952e+09
1.694640251319999933e+09
1.694640251339999914e+09
1.694640251359999895e+09
1.694640251380000114e+09
1.694640251400000095e+09
1.694640251420000076e+09
1.694640251440000057e+09
1.694640251460000038e+09
1.694640251480000019e+09
1.694640251500000000e+09
1.694640251519999981e+09
1.694640251539999962e+09
1.694640251559999943e+09
1.694640251579999924e+09
1.694640251599999905e+09
1.694640251619999886e+09
1.694640251640000105e+09
1.694640251660000086e+09
1.694640251680000067e+09
1.694640251700000048e+09
1.694640251720000029e+09
1.694640251740000010e+09
1.694640251759999990e+09
1.694640251779999971e+09
1.694640251799999952e+09
1.694640251819999933e+09
1.694640251839999914e+09
1.694640251859999895e+09
1.694640251880000114e+09
1.694640251900000095e+09
1.694640251920000076e+09
1.694640251940000057e+09
1.694640251960000038e+09
1.694640251980000019e+09
1.694640252000000000e+09
1.694640252019999981e+09
1.694640252039999962e+09
1.694640252059999943e+09
1.694640252079999924e+09
1.694640252099999905e+09
1.694640252119999886e+09
1.694640252140000105e+09
1.694640252160000086e+09
1.694640252180000067e+09
1.694640252200000048e+09
1.694640252220000029e+09
1.694640252240000010e+09
1.694640252259999990e+09
1.694640252279999971e+09
1.694640252299999952e+09
1.694640252319999933e+09
1.694640252339999914e+09
1.694640252359999895e+09
1.694640252380000114e+09
1.694640252400000095e+09
1.694640252420000076e+09
1.694640252440000057e+09
1.694640252460000038e+09
1.694640252480000019e+09
1.694640252500000000e+09
1.694640252519999981e+09
1.694640252539999962e+09
1.694640252559999943e+09
1.694640252579999924e+09
1.694640252599999905e+09
1.694640252619999886e+09
1.694640252640000105e+09
1.694640252660000086e+09
1.694640252680000067e+09
1.694640252700000048e+09
1.694640252720000029e+09
1.694640252740000010e+09
1.694640252759999990e+09
1.694640252779999971e+09
1.694640252799999952e+09
1.694640252819999933e+09
1.694640252839999914e+09
1.694640252859999895e+09
1.694640252880000114e+09
1.694640252900000095e+09
1.694640252920000076e+09
1.694640252940000057e+09
1.694640252960000038e+09
1.694640252980000019e+09
1.694640253000000000e+09
1.694640253019999981e+09
1.694640253039999962e+09
1.694640253059999943e+09
1.694640253079999924e+09
1.694640253099999905e+09
1.694640253119999886e+09
1.694640253140000105e+09
1.694640253160000086e+09
1.694640253180000067e+09
1.694640253200000048e+09
1.694640253220000029e+09
1.694640253240000010e+09
1.694640253259999990e+09
1.694640253279999971e+09
1.694640253299999952e+09
1.694640253319999933e+09
1.694640253339999914e+09
1.694640253359999895e+09
1.694640253380000114e+09
1.694640253400000095e+09
1.694640253420000076e+09
1.694640253440000057e+09
1.694640253460000038e+09
1.694640253480000019e+09
1.694640253500000000e+09
1.694640253519999981e+09
1.694640253539999962e+09
1.694640253559999943e+09
1.694640253579999924e+09
1.694640253599999905e+09
1.694640253619999886e+09
1.694640253640000105e+09
1.694640253660000086e+09
1.694640253680000067e+09
1.694640253700000048e+09
1.694640253720000029e+09
1.694640253740000010e+09
1.694640253759999990e+09
1.694640253779999971e+09
1.694640253799999952e+09
1.694640253819999933e+09
1.694640253839999914e+09
1.694640253859999895e+09
1.694640253880000114e+09
1.694640253900000095e+09
1.694640253920000076e+09
1.694640253940000057e+09
1.694640253960000038e+09
1.694640253980000019e+09
1.694640254000000000e+09
1.694640254019999981e+09
1.694640254039999962e+09
1.694640254059999943e+09
1.694640254079999924e+09
1.694640254099999905e+09
1.694640254119999886e+09
1.694640254140000105e+09
1.694640254160000086e+09
1.694640254180000067e+09
1.694640254200000048e+09
1.694640254220000029e+09
1.694640254240000010e+09
1.694640254259999990e+09
1.694640254279999971e+09
1.694640254299999952e+09
1.694640254319999933e+09
1.694640254339999914e+09
1.694640254359999895e+09
1.694640254380000114e+09
1.694640254400000095e+09
1.694640254420000076e+09
1.694640254440000057e+09
1.694640254460000038e+09
1.694640254480000019e+09
1.694640254500000000e+09
1.694640254519999981e+09
1.694640254539999962e+09
1.694640254559999943e+09
1.694640254579999924e+09
1.694640254599999905e+09
1.694640254619999886e+09
1.694640254640000105e+09
1.694640254660000086e+09
1.694640254680000067e+09
1.694640254700000048e+09
1.694640254720000029e+09
1.694640254740000010e+09
1.694640254759999990e+09
1.694640254779999971e+09
1.694640254799999952e+09
1.694640254819999933e+09
1.694640254839999914e+09
1.694640254859999895e+09
1.694640254880000114e+09
1.694640254900000095e+09
1.694640254920000076e+09
1.694640254940000057e+09
1.694640254960000038e+09
1.694640254980000019e+09
1.694640255000000000e+09
1.694640255019999981e+09
1.694640255039999962e+09
1.694640255059999943e+09
1.694640255079999924e+09
1.694640255099999905e+09
1.694640255119999886e+09
1.694640255140000105e+09
1.694640255160000086e+09
1.694640255180000067e+09
1.694640255200000048e+09
1.694640255220000029e+09
1.694640255240000010e+09
1.694640255259999990e+09
1.694640255279999971e+09
1.694640255299999952e+09
1.694640255319999933e+09
1.694640255339999914e+09
1.694640255359999895e+09
1.694640255380000114e+09
1.694640255400000095e+09
1.694640255420000076e+09
1.694640255440000057e+09
1.694640255460000038e+09
1.694640255480000019e+09
1.694640255500000000e+09
1.694640255519999981e+09
1.694640255539999962e+09
1.694640255559999943e+09
1.694640255579999924e+09
1.694640255599999905e+09
1.694640255619999886e+09
1.694640255640000105e+09
1.694640255660000086e+09
1.694640255680000067e+09
1.694640255700000048e+09
1.694640255720000029e+09
1.694640255740000010e+09
1.694640255759999990e+09
1.694640255779999971e+09
1.694640255799999952e+09
1.694640255819999933e+09
1.694640255839999914e+09
1.694640255859999895e+09
1.694640255880000114e+09
1.694640255900000095e+09
1.694640255920000076e+09
1.694640255940000057e+09
1.694640255960000038e+09
1.694640255980000019e+09
1.694640256000000000e+09
1.694640256019999981e+09
1.694640256039999962e+09
1.694640256059999943e+09
1.694640256079999924e+09
1.694640256099999905e+09
1.694640256119999886e+09
1.694640256140000105e+09
1.694640256160000086e+09
1.694640256180000067e+09
1.694640256200000048e+09
1.694640256220000029e+09
1.694640256240000010e+09
1.694640256259999990e+09
1.694640256279999971e+09
1.694640256299999952e+09
1.694640256319999933e+09
1.694640256339999914e+09
1.694640256359999895e+09
1.694640256380000114e+09
1.694640256400000095e+09
1.694640256420000076e+09
1.694640256440000057e+09
1.694640256460000038e+09
1.694640256480000019e+09
1.694640256500000000e+09
1.694640256519999981e+09
1.694640256539999962e+09
1.694640256559999943e+09
1.694640256579999924e+09
1.694640256599999905e+09
1.694640256619999886e+09
1.694640256640000105e+09
1.694640256660000086e+09
1.694640256680000067e+09
1.694640256700000048e+09
1.694640256720000029e+09
1.694640256740000010e+09
1.694640256759999990e+09
1.694640256779999971e+09
1.694640256799999952e+09
1.694640256819999933e+09
1.694640256839999914e+09
1.694640256859999895e+09
1.694640256880000114e+09
1.694640256900000095e+09
1.694640256920000076e+09
1.694640256940000057e+09
1.694640256960000038e+09
1.694640256980000019e+09
1.694640257000000000e+09
1.694640257019999981e+09
1.694640257039999962e+09
1.694640257059999943e+09
1.694640257079999924e+09
1.694640257099999905e+09
1.694640257119999886e+09
1.694640257140000105e+09
1.694640257160000086e+09
1.694640257180000067e+09
1.694640257200000048e+09
1.694640257220000029e+09
1.694640257240000010e+09
1.694640257259999990e+09
1.694640257279999971e+09
1.694640257299999952e+09
1.694640257319999933e+09
1.694640257339999914e+09
1.694640257359999895e+09
1.694640257380000114e+09
1.694640257400000095e+09
1.694640257420000076e+09
1.694640257440000057e+09
1.694640257460000038e+09
1.694640257480000019e+09
1.694640257500000000e+09
1.694640257519999981e+09
1.694640257539999962e+09
1.694640257559999943e+09
1.694640257579999924e+09
1.694640257599999905e+09
1.694640257619999886e+09
1.694640257640000105e+09
1.694640257660000086e+09
1.694640257680000067e+09
1.694640257700000048e+09
1.694640257720000029e+09
1.694640257740000010e+09
1.694640257759999990e+09
1.694640257779999971e+09
1.694640257799999952e+09
1.694640257819999933e+09
1.694640257839999914e+09
1.694640257859999895e+09
1.694640257880000114e+09
1.694640257900000095e+09
1.694640257920000076e+09
1.694640257940000057e+09
1.694640257960000038e+09
1.694640257980000019e+09
1.694640258000000000e+09
1.694640258019999981e+09
1.694640258039999962e+09
1.694640258059999943e+09
1.694640258079999924e+09
1.694640258099999905e+09
1.694640258119999886e+09
1.694640258140000105e+09
1.694640258160000086e+09
1.694640258180000067e+09
1.694640258200000048e+09
1.694640258220000029e+09
1.694640258240000010e+09
1.694640258259999990e+09
1.694640258279999971e+09
1.694640258299999952e+09
1.694640258319999933e+09
1.694640258339999914e+09
1.694640258359999895e+09
1.694640258380000114e+09
1.694640258400000095e+09
1.694640258420000076e+09
1.694640258440000057e+09
1.694640258460000038e+09
1.694640258480000019e+09
1.694640258500000000e+09
1.694640258519999981e+09
1.694640258539999962e+09
1.694640258559999943e+09
1.694640258579999924e+09
1.694640258599999905e+09
1.694640258619999886e+09
1.694640258640000105e+09
1.694640258660000086e+09
1.694640258680000067e+09
1.694640258700000048e+09
1.694640258720000029e+09
1.694640258740000010e+09
1.694640258759999990e+09
1.694640258779999971e+09
1.694640258799999952e+09
1.694640258819999933e+09
1.694640258839999914e+09
1.694640258859999895e+09
1.694640258880000114e+09
1.694640258900000095e+09
1.694640258920000076e+09
1.694640258940000057e+09
1.694640258960000038e+09
1.694640258980000019e+09
1.694640259000000000e+09
1.694640259019999981e+09
1.694640259039999962e+09
1.694640259059999943e+09
1.694640259079999924e+09
1.694640259099999905e+09
1.694640259119999886e+09
1.694640259140000105e+09
1.694640259160000086e+09
1.694640259180000067e+09
1.694640259200000048e+09
1.694640259220000029e+09
1.694640259240000010e+09
1.694640259259999990e+09
1.694640259279999971e+09
1.694640259299999952e+09
1.694640259319999933e+09
1.694640259339999914e+09
1.694640259359999895e+09
1.694640259380000114e+09
1.694640259400000095e+09
1.694640259420000076e+09
1.694640259440000057e+09
1.694640259460000038e+09
1.694640259480000019e+09
1.694640259500000000e+09
1.694640259519999981e+09
1.694640259539999962e+09
1.694640259559999943e+09
1.694640259579999924e+09
1.694640259599999905e+09
1.694640259619999886e+09
1.694640259640000105e+09
1.694640259660000086e+09
1.694640259680000067e+09
1.694640259700000048e+09
1.694640259720000029e+09
1.694640259740000010e+09
1.694640259759999990e+09
1.694640259779999971e+09
1.694640259799999952e+09
1.694640259819999933e+09
1.694640259839999914e+09
1.694640259859999895e+09
1.694640259880000114e+09
1.694640259900000095e+09
1.694640259920000076e+09
1.694640259940000057e+09
1.694640259960000038e+09
1.694640259980000019e+09
1.694640260000000000e+09
1.694640260019999981e+09
1.694640260039999962e+09
1.694640260059999943e+09
1.694640260079999924e+09
1.694640260099999905e+09
1.694640260119999886e+09
1.694640260140000105e+09
1.694640260160000086e+09
1.694640260180000067e+09
1.694640260200000048e+09
1.694640260220000029e+09
1.694640260240000010e+09
1.694640260259999990e+09
1.694640260279999971e+09
1.694640260299999952e+09
1.694640260319999933e+09
1.694640260339999914e+09
1.694640260359999895e+09
1.694640260380000114e+09
1.694640260400000095e+09
1.694640260420000076e+09
1.694640260440000057e+09
1.694640260460000038e+09
1.694640260480000019e+09
1.694640260500000000e+09
1.694640260519999981e+09
1.694640260539999962e+09
1.694640260559999943e+09
1.694640260579999924e+09
1.694640260599999905e+09
1.694640260619999886e+09
1.694640260640000105e+09
1.694640260660000086e+09
1.694640260680000067e+09
1.694640260700000048e+09
1.694640260720000029e+09
1.694640260740000010e+09
1.694640260759999990e+09
1.694640260779999971e+09
1.694640260799999952e+09
1.694640260819999933e+09
1.694640260839999914e+09
1.694640260859999895e+09
1.694640260880000114e+09
1.694640260900000095e+09
1.694640260920000076e+09
1.694640260940000057e+09
1.694640260960000038e+09
1.694640260980000019e+09
1.694640261000000000e+09
1.694640261019999981e+09
1.694640261039999962e+09
1.694640261059999943e+09
1.694640261079999924e+09
1.694640261099999905e+09
1.694640261119999886e+09
1.694640261140000105e+09
1.694640261160000086e+09
1.694640261180000067e+09
1.694640261200000048e+09
1.694640261220000029e+09
1.694640261240000010e+09
1.694640261259999990e+09
1.694640261279999971e+09
1.694640261299999952e+09
1.694640261319999933e+09
1.694640261339999914e+09
1.694640261359999895e+09
1.694640261380000114e+09
1.694640261400000095e+09
1.694640261420000076e+09
1.694640261440000057e+09
1.694640261460000038e+09
1.694640261480000019e+09
1.694640261500000000e+09
1.694640261519999981e+09
1.694640261539999962e+09
1.694640261559999943e+09
1.694640261579999924e+09
1.694640261599999905e+09
1.694640261619999886e+09
1.694640261640000105e+09
1.694640261660000086e+09
1.694640261680000067e+09
1.694640261700000048e+09
1.694640261720000029e+09
1.694640261740000010e+09
1.694640261759999990e+09
1.694640261779999971e+09
1.694640261799999952e+09
1.694640261819999933e+09
1.694640261839999914e+09
1.694640261859999895e+09
1.694640261880000114e+09
1.694640261900000095e+09
1.694640261920000076e+09
1.694640261940000057e+09
1.694640261960000038e+09
1.694640261980000019e+09
1.694640262000000000e+09
1.694640262019999981e+09
1.694640262039999962e+09
1.694640262059999943e+09
1.694640262079999924e+09
1.694640262099999905e+09
1.694640262119999886e+09
1.694640262140000105e+09
1.694640262160000086e+09
1.694640262180000067e+09
1.694640262200000048e+09
1.694640262220000029e+09
1.694640262240000010e+09
1.694640262259999990e+09
1.694640262279999971e+09
1.694640262299999952e+09
1.694640262319999933e+09
1.694640262339999914e+09
1.694640262359999895e+09
1.694640262380000114e+09
1.694640262400000095e+09
1.694640262420000076e+09
1.694640262440000057e+09
1.694640262460000038e+09
1.694640262480000019e+09
1.694640262500000000e+09
1.694640262500000000e+09
1.694640262539999962e+09
1.694640262559999943e+09
1.694640262579999924e+09
1.694640262599999905e+09
1.694640262619999886e+09
1.694640262640000105e+09
1.694640262660000086e+09
1.694640262680000067e+09
1.694640262700000048e+09
1.694640262720000029e+09
1.694640262740000010e+09
1.694640262759999990e+09
1.694640262779999971e+09
1.694640262799999952e+09
1.694640262819999933e+09
1.694640262839999914e+09
1.694640262859999895e+09
1.694640262880000114e+09
1.694640262900000095e+09
1.694640262920000076e+09
1.694640262940000057e+09
1.694640262960000038e+09
1.694640262980000019e+09
1.694640263000000000e+09
1.694640263019999981e+09
1.694640263039999962e+09
1.694640263059999943e+09
1.694640263079999924e+09
1.694640263099999905e+09
1.694640263119999886e+09
1.694640263140000105e+09
1.694640263160000086e+09
1.694640263180000067e+09
1.694640263200000048e+09
1.694640263220000029e+09
1.694640263240000010e+09
1.694640263259999990e+09
1.694640263279999971e+09
1.694640263299999952e+09
1.694640263319999933e+09
1.694640263339999914e+09
1.694640263359999895e+09
1.694640263380000114e+09
1.694640263400000095e+09
1.694640263420000076e+09
1.694640263440000057e+09
1.694640263460000038e+09
1.694640263480000019e+09
1.694640263500000000e+09
1.694640263519999981e+09
1.694640263539999962e+09
1.694640263559999943e+09
1.694640263579999924e+09
1.694640263599999905e+09
1.694640263619999886e+09
1.694640263640000105e+09
1.694640263660000086e+09
1.694640263680000067e+09
1.694640263700000048e+09
1.694640263720000029e+09
1.694640263740000010e+09
1.694640263759999990e+09
1.694640263779999971e+09
1.694640263799999952e+09
1.694640263819999933e+09
1.694640263839999914e+09
1.694640263859999895e+09
1.694640263880000114e+09
1.694640263900000095e+09
1.694640263920000076e+09
1.694640263940000057e+09
1.694640263960000038e+09
1.694640263980000019e+09
1.694640264000000000e+09
1.694640264019999981e+09
1.694640264039999962e+09
1.694640264059999943e+09
1.694640264079999924e+09
1.694640264099999905e+09
1.694640264119999886e+09
1.694640264140000105e+09
1.694640264160000086e+09
1.694640264180000067e+09
1.694640264200000048e+09
1.694640264220000029e+09
1.694640264240000010e+09
1.694640264259999990e+09
1.694640264279999971e+09
1.694640264299999952e+09
1.694640264319999933e+09
1.694640264339999914e+09
1.694640264359999895e+09
1.694640264380000114e+09
1.694640264400000095e+09
1.694640264420000076e+09
1.694640264440000057e+09
1.694640264460000038e+09
1.694640264480000019e+09
1.694640264500000000e+09
1.694640264519999981e+09
1.694640264539999962e+09
1.694640264559999943e+09
1.694640264579999924e+09
1.694640264599999905e+09
1.694640264619999886e+09
1.694640264640000105e+09
1.694640264660000086e+09
1.694640264680000067e+09
1.694640264700000048e+09
1.694640264720000029e+09
1.694640264740000010e+09
1.694640264759999990e+09
1.694640264779999971e+09
1.694640264799999952e+09
1.694640264819999933e+09
1.694640264839999914e+09
1.694640264859999895e+09
1.694640264880000114e+09
1.694640264900000095e+09
