1.694640232616831541e+09
1.694640232714511156e+09
1.694640232814507484e+09
1.694640232915421009e+09
1.694640233016933441e+09
1.694640233116887331e+09
1.694640233214129448e+09
1.694640233316992521e+09
1.694640233415035248e+09
1.694640233514065027e+09
1.694640233615049362e+09
1.694640233716376543e+09
1.694640233815554380e+09
1.694640233916453600e+09
1.694640234017123938e+09
1.694640234114760876e+09
1.694640234213752508e+09
1.694640234314408779e+09
1.694640234415558100e+09
1.694640234515093327e+09
1.694640234616041422e+09
1.694640234717843056e+09
1.694640234815024853e+09
1.694640234918159723e+09
1.694640235018796206e+09
1.694640235115525723e+09
1.694640235216168404e+09
1.694640235316945314e+09
1.694640235415408611e+09
1.694640235516671181e+09
1.694640235617441416e+09
1.694640235714250088e+09
1.694640235817117214e+09
1.694640235917755365e+09
1.694640236014573336e+09
1.694640236116121769e+09
1.694640236217354059e+09
1.694640236314676285e+09
1.694640236415441751e+09
1.694640236516256094e+09
1.694640236614447832e+09
1.694640236715040445e+09
1.694640236817408562e+09
1.694640236914235592e+09
1.694640237017711878e+09
1.694640237114302874e+09
1.694640237216389656e+09
1.694640237314528227e+09
1.694640237414745569e+09
1.694640237516263485e+09
1.694640237617007971e+09
1.694640237717653275e+09
1.694640237815827131e+09
1.694640237916705847e+09
1.694640238014530659e+09
1.694640238115265608e+09
1.694640238215928316e+09
1.694640238314227819e+09
1.694640238416607380e+09
1.694640238515800714e+09
1.694640238617330551e+09
1.694640238715173483e+09
1.694640238816444874e+09
1.694640238916122913e+09
1.694640239016675949e+09
1.694640239116905451e+09
1.694640239214195728e+09
1.694640239314728975e+09
1.694640239416415453e+09
1.694640239514545918e+09
1.694640239615082264e+09
1.694640239716603279e+09
1.694640239817462921e+09
1.694640239914485693e+09
1.694640240014485836e+09
1.694640240115621090e+09
1.694640240215624094e+09
1.694640240317062855e+09
1.694640240415234089e+09
1.694640240517323971e+09
1.694640240617735147e+09
1.694640240714742899e+09
1.694640240816582918e+09
1.694640240916114807e+09
1.694640241017189741e+09
1.694640241116089106e+09
1.694640241216863632e+09
1.694640241316599607e+09
1.694640241415709496e+09
1.694640241514544010e+09
1.694640241615470409e+09
1.694640241715495110e+09
1.694640241816375732e+09
1.694640241917558193e+09
1.694640242014400721e+09
1.694640242115441561e+09
1.694640242218160629e+09
1.694640242316958189e+09
1.694640242416891813e+09
1.694640242517400742e+09
1.694640242614002228e+09
1.694640242714513540e+09
1.694640242816272974e+09
1.694640242916497707e+09
1.694640243014508724e+09
1.694640243115082502e+09
1.694640243215931177e+09
1.694640243316063881e+09
1.694640243417190075e+09
1.694640243514344215e+09
1.694640243614490271e+09
1.694640243717755318e+09
1.694640243817827702e+09
1.694640243914700508e+09
1.694640244016078472e+09
1.694640244115310907e+09
1.694640244217840433e+09
1.694640244315706015e+09
1.694640244414237976e+09
1.694640244515246391e+09
1.694640244616765499e+09
1.694640244717881203e+09
1.694640244818609476e+09
1.694640244918392897e+09
1.694640245014870405e+09
1.694640245116314173e+09
1.694640245216863394e+09
1.694640245314242363e+09
1.694640245414296865e+09
1.694640245515288115e+09
1.694640245617449760e+09
1.694640245718002081e+09
1.694640245815287590e+09
1.694640245916187525e+09
1.694640246016854525e+09
1.694640246117539644e+09
1.694640246214945078e+09
1.694640246317079306e+09
1.694640246414893150e+09
1.694640246514518738e+09
1.694640246615099430e+09
1.694640246717693806e+09
1.694640246815827847e+09
1.694640246915045500e+09
1.694640247016337872e+09
1.694640247116066217e+09
1.694640247214792967e+09
1.694640247315692902e+09
1.694640247417096615e+09
1.694640247517733335e+09
1.694640247616985321e+09
1.694640247715014935e+09
1.694640247815209389e+09
1.694640247917590857e+09
1.694640248015288591e+09
1.694640248116463661e+09
1.694640248215975761e+09
1.694640248314880371e+09
1.694640248414757729e+09
1.694640248517709970e+09
1.694640248614432335e+09
1.694640248715822458e+09
1.694640248816864491e+09
1.694640248915288210e+09
1.694640249014863968e+09
1.694640249115362644e+09
1.694640249215692997e+09
1.694640249317345858e+09
1.694640249416329861e+09
1.694640249515286684e+09
1.694640249615029812e+09
1.694640249716863632e+09
1.694640249817975760e+09
1.694640249915769577e+09
1.694640250016602755e+09
1.694640250114864111e+09
1.694640250216536999e+09
1.694640250315435410e+09
1.694640250417664051e+09
1.694640250516485453e+09
1.694640250616340160e+09
1.694640250714604616e+09
1.694640250817759514e+09
1.694640250917572021e+09
1.694640251014885426e+09
1.694640251116818428e+09
1.694640251216192245e+09
1.694640251315277100e+09
1.694640251415894270e+09
1.694640251517829657e+09
1.694640251617376328e+09
1.694640251717956305e+09
1.694640251817481756e+09
1.694640251919684172e+09
1.694640252015269518e+09
1.694640252116010666e+09
1.694640252216557503e+09
1.694640252315646648e+09
1.694640252414864302e+09
1.694640252516230345e+09
1.694640252617152691e+09
1.694640252714282513e+09
1.694640252814415455e+09
1.694640252914228439e+09
1.694640253014957666e+09
1.694640253115607023e+09
1.694640253217669964e+09
1.694640253317664146e+09
1.694640253414176464e+09
1.694640253515351295e+09
1.694640253616106033e+09
1.694640253716850519e+09
1.694640253814801693e+09
1.694640253916886568e+09
1.694640254017721891e+09
1.694640254115267992e+09
1.694640254216109991e+09
1.694640254314035416e+09
1.694640254414577723e+09
1.694640254517022848e+09
1.694640254615466356e+09
1.694640254715964556e+09
1.694640254816931009e+09
1.694640254916734695e+09
1.694640255014319897e+09
1.694640255114319563e+09
1.694640255216648817e+09
1.694640255314251423e+09
1.694640255414750814e+09
1.694640255515290022e+09
1.694640255615839481e+09
1.694640255717809439e+09
1.694640255814290285e+09
1.694640255916150093e+09
1.694640256015388012e+09
1.694640256117677450e+09
1.694640256214600563e+09
1.694640256315752506e+09
1.694640256415085793e+09
1.694640256516105652e+09
1.694640256615020275e+09
1.694640256715639591e+09
1.694640256816153049e+09
1.694640256918081760e+09
1.694640256955351591e+09
1.694640257198014975e+09
1.694640257214086294e+09
1.694640257315557957e+09
1.694640257416784525e+09
1.694640257515335083e+09
1.694640257615863323e+09
1.694640257715176105e+09
1.694640257817966938e+09
1.694640257916007757e+09
1.694640258017899752e+09
1.694640258115178108e+09
1.694640258215712070e+09
1.694640258315219402e+09
1.694640258415817022e+09
1.694640258517927408e+09
1.694640258617372513e+09
1.694640258716579914e+09
1.694640258814362764e+09
1.694640258914911032e+09
1.694640259016117573e+09
1.694640259113599777e+09
1.694640259216184378e+09
1.694640259317412138e+09
1.694640259415354967e+09
1.694640259516382933e+09
1.694640259615246058e+09
1.694640259716429234e+09
1.694640259818031073e+09
1.694640259916055918e+09
1.694640260018237591e+09
1.694640260115716934e+09
1.694640260217397690e+09
1.694640260315374136e+09
1.694640260417161703e+09
1.694640260514919996e+09
1.694640260616326809e+09
1.694640260714328289e+09
1.694640260815134287e+09
1.694640260915953875e+09
1.694640261016918898e+09
1.694640261117951870e+09
1.694640261215925455e+09
1.694640261316890240e+09
1.694640261414828062e+09
1.694640261515263796e+09
1.694640261615797043e+09
1.694640261717007160e+09
1.694640261814249277e+09
1.694640261915397882e+09
1.694640262015909433e+09
1.694640262116437912e+09
1.694640262215940952e+09
1.694640262316887140e+09
1.694640262418348312e+09
1.694640262514864206e+09
1.694640262614380598e+09
1.694640262717431068e+09
1.694640262816923141e+09
1.694640262917325974e+09
1.694640263018134594e+09
1.694640263115074396e+09
1.694640263215875387e+09
1.694640263317571878e+09
1.694640263416059494e+09
1.694640263517376661e+09
1.694640263617912769e+09
1.694640263715806723e+09
1.694640263817961931e+09
1.694640263914704084e+09
1.694640264018302917e+09
1.694640264115490675e+09
1.694640264216549635e+09
1.694640264314251900e+09
1.694640264414346695e+09
1.694640264514888287e+09
1.694640264617615461e+09
1.694640264718361616e+09
1.694640264817230225e+09
