1.699989879386631012e+09
1.699989879486588955e+09
1.699989879586589813e+09
1.699989879686643839e+09
1.699989879786598444e+09
1.699989879886594057e+09
1.699989879986644745e+09
1.699989880086596251e+09
1.699989880186594725e+09
1.699989880286577702e+09
1.699989880386592865e+09
1.699989880486594677e+09
1.699989880586597919e+09
1.699989880686612606e+09
1.699989880786596298e+09
1.699989880886635542e+09
1.699989880986594200e+09
1.699989881086627483e+09
1.699989881186623812e+09
1.699989881286598206e+09
1.699989881386630535e+09
1.699989881486606359e+09
1.699989881586653709e+09
1.699989881686609268e+09
1.699989881786600828e+09
1.699989881886622667e+09
1.699989881986592293e+09
1.699989882086576700e+09
1.699989882186609030e+09
1.699989882286573887e+09
1.699989882386620045e+09
1.699989882486594200e+09
1.699989882586602449e+09
1.699989882686621428e+09
1.699989882786593437e+09
1.699989882886630535e+09
1.699989882986611843e+09
1.699989883086633921e+09
1.699989883186616898e+09
1.699989883286646843e+09
1.699989883386594772e+09
1.699989883486618996e+09
1.699989883586670876e+09
1.699989883686599255e+09
1.699989883786594391e+09
1.699989883886629343e+09
1.699989883986612558e+09
1.699989884086595058e+09
1.699989884186629534e+09
1.699989884286628485e+09
1.699989884386652231e+09
1.699989884486591339e+09
1.699989884586595535e+09
1.699989884686639309e+09
1.699989884786605597e+09
1.699989884886571646e+09
1.699989884986627102e+09
1.699989885086598873e+09
1.699989885186597824e+09
1.699989885286592960e+09
1.699989885386595488e+09
1.699989885486613750e+09
1.699989885586625099e+09
1.699989885686593533e+09
1.699989885786626339e+09
1.699989885886599541e+09
1.699989885986606121e+09
1.699989886086607218e+09
1.699989886186596394e+09
1.699989886286569118e+09
1.699989886386619806e+09
1.699989886486622095e+09
1.699989886586607933e+09
1.699989886686594486e+09
1.699989886786592960e+09
1.699989886886553049e+09
1.699989886986594915e+09
1.699989887086592436e+09
1.699989887186637402e+09
1.699989887286584139e+09
1.699989887386597157e+09
1.699989887486628771e+09
1.699989887586597204e+09
1.699989887686621428e+09
1.699989887786595583e+09
1.699989887886590958e+09
1.699989887986631393e+09
1.699989888086562395e+09
1.699989888186609507e+09
1.699989888286595821e+09
1.699989888386594296e+09
1.699989888486588001e+09
1.699989888586577654e+09
1.699989888686594725e+09
1.699989888786611557e+09
1.699989888886594296e+09
1.699989888986604691e+09
1.699989889086625814e+09
1.699989889186597586e+09
1.699989889286600590e+09
1.699989889386591434e+09
1.699989889486591339e+09
1.699989889586613178e+09
1.699989889686605930e+09
1.699989889786601067e+09
1.699989889886640787e+09
1.699989889986554623e+09
1.699989890086600542e+09
1.699989890186567068e+09
1.699989890286602497e+09
1.699989890386628628e+09
1.699989890486554384e+09
1.699989890586590767e+09
1.699989890686605215e+09
1.699989890786597252e+09
1.699989890886610270e+09
1.699989890986600161e+09
1.699989891086603880e+09
1.699989891186608791e+09
1.699989891286577225e+09
1.699989891386604786e+09
1.699989891486588955e+09
1.699989891586618662e+09
1.699989891686599016e+09
1.699989891786649704e+09
1.699989891886568546e+09
1.699989891986621380e+09
1.699989892086617470e+09
1.699989892186615467e+09
1.699989892286592722e+09
1.699989892386634350e+09
1.699989892486590147e+09
1.699989892586617470e+09
1.699989892686588287e+09
1.699989892786593914e+09
1.699989892886615515e+09
1.699989892986618280e+09
1.699989893086605549e+09
1.699989893186617613e+09
1.699989893286591768e+09
1.699989893386616707e+09
1.699989893486603975e+09
1.699989893586614132e+09
1.699989893686592102e+09
1.699989893786593676e+09
1.699989893886621237e+09
1.699989893986593246e+09
1.699989894086606264e+09
1.699989894186589956e+09
1.699989894286590576e+09
1.699989894386590958e+09
1.699989894486597538e+09
1.699989894586615562e+09
1.699989894686590910e+09
1.699989894786589622e+09
1.699989894886577606e+09
1.699989894986590862e+09
1.699989895086612701e+09
1.699989895186606407e+09
1.699989895286590099e+09
1.699989895386597395e+09
1.699989895486590624e+09
1.699989895586623192e+09
1.699989895686615467e+09
1.699989895786617517e+09
1.699989895886576891e+09
1.699989895986595392e+09
1.699989896086592436e+09
1.699989896186601400e+09
1.699989896286615133e+09
1.699989896386597872e+09
1.699989896486617327e+09
1.699989896586605549e+09
1.699989896686587334e+09
1.699989896786612749e+09
1.699989896886602163e+09
1.699989896986593723e+09
1.699989897086626768e+09
1.699989897186594725e+09
1.699989897286586761e+09
1.699989897386620045e+09
1.699989897486592293e+09
1.699989897586603403e+09
1.699989897686602116e+09
1.699989897786607265e+09
1.699989897886605024e+09
1.699989897986593246e+09
1.699989898086573124e+09
1.699989898186619043e+09
1.699989898286601543e+09
1.699989898386595249e+09
1.699989898486586809e+09
1.699989898586589336e+09
1.699989898686609745e+09
1.699989898786618948e+09
1.699989898886586905e+09
1.699989898986622334e+09
1.699989899086579800e+09
1.699989899186590672e+09
1.699989899286590815e+09
1.699989899386590004e+09
1.699989899486616611e+09
1.699989899586608410e+09
1.699989899686588764e+09
1.699989899786608934e+09
1.699989899886605740e+09
1.699989899986546040e+09
1.699989900086623669e+09
1.699989900186593533e+09
1.699989900286588192e+09
1.699989900386590719e+09
1.699989900486587048e+09
1.699989900586597681e+09
1.699989900686590910e+09
1.699989900786588907e+09
1.699989900886591196e+09
1.699989900986594915e+09
1.699989901086599112e+09
1.699989901186589956e+09
1.699989901286600351e+09
1.699989901386598587e+09
1.699989901486610174e+09
1.699989901586587429e+09
1.699989901686605215e+09
1.699989901786620140e+09
1.699989901886588812e+09
1.699989901986587763e+09
1.699989902086601734e+09
1.699989902186599493e+09
1.699989902286601067e+09
1.699989902386568069e+09
1.699989902486581087e+09
1.699989902586622477e+09
1.699989902686589718e+09
1.699989902786609888e+09
1.699989902886587620e+09
1.699989902986584425e+09
1.699989903086610556e+09
1.699989903186585903e+09
1.699989903286618471e+09
1.699989903386587620e+09
1.699989903486615896e+09
1.699989903586600065e+09
1.699989903686547518e+09
1.699989903786612749e+09
1.699989903886600256e+09
1.699989903986613750e+09
1.699989904086601973e+09
1.699989904186600447e+09
1.699989904286596060e+09
1.699989904386589289e+09
1.699989904486600876e+09
1.699989904586630821e+09
1.699989904686586618e+09
1.699989904786587715e+09
1.699989904886570215e+09
1.699989904986593962e+09
1.699989905086589813e+09
1.699989905186589956e+09
1.699989905286604643e+09
1.699989905386588097e+09
1.699989905486611128e+09
1.699989905586579561e+09
1.699989905686586380e+09
1.699989905786609411e+09
1.699989905886607885e+09
1.699989905986590385e+09
1.699989906086601257e+09
1.699989906186609983e+09
1.699989906286577702e+09
1.699989906386618137e+09
1.699989906486597538e+09
1.699989906586601257e+09
1.699989906686554432e+09
1.699989906786611557e+09
1.699989906886589050e+09
1.699989906986589193e+09
1.699989907086590052e+09
1.699989907186590433e+09
1.699989907286585808e+09
1.699989907386588573e+09
1.699989907486607552e+09
1.699989907586585760e+09
1.699989907686583042e+09
1.699989907786617994e+09
1.699989907886595726e+09
1.699989907986592293e+09
1.699989908086606741e+09
1.699989908186585903e+09
1.699989908286590099e+09
1.699989908386586905e+09
1.699989908486598730e+09
1.699989908586597443e+09
1.699989908686551094e+09
1.699989908786589146e+09
1.699989908886590719e+09
1.699989908986549616e+09
1.699989909086601019e+09
1.699989909186588526e+09
1.699989909286575794e+09
1.699989909386589289e+09
1.699989909486617565e+09
1.699989909586592436e+09
1.699989909686589718e+09
1.699989909786610126e+09
1.699989909886592865e+09
1.699989909986590385e+09
1.699989910086604118e+09
1.699989910186600924e+09
1.699989910286589146e+09
1.699989910386609793e+09
1.699989910486591578e+09
1.699989910586609125e+09
1.699989910686586142e+09
1.699989910786610603e+09
1.699989910886589766e+09
1.699989910986591101e+09
1.699989911086589575e+09
1.699989911186590910e+09
1.699989911286590815e+09
1.699989911386590242e+09
1.699989911486616850e+09
1.699989911586591482e+09
1.699989911686592579e+09
1.699989911786617041e+09
1.699989911886592627e+09
1.699989911986590147e+09
1.699989912086609125e+09
1.699989912186605930e+09
1.699989912286621571e+09
1.699989912386583090e+09
1.699989912486607552e+09
1.699989912586591721e+09
1.699989912686589718e+09
1.699989912786604404e+09
1.699989912886584044e+09
1.699989912986590624e+09
1.699989913086588383e+09
1.699989913186585426e+09
1.699989913286589146e+09
1.699989913386589766e+09
1.699989913486591816e+09
1.699989913586612225e+09
1.699989913686602354e+09
1.699989913786590815e+09
1.699989913886598587e+09
1.699989913986592054e+09
1.699989914086591244e+09
1.699989914186591387e+09
1.699989914286590338e+09
1.699989914386601448e+09
1.699989914486585379e+09
1.699989914586601734e+09
1.699989914686587334e+09
1.699989914786606073e+09
1.699989914886589527e+09
1.699989914986588955e+09
1.699989915086609840e+09
1.699989915186584473e+09
1.699989915286584377e+09
1.699989915386583805e+09
1.699989915486584663e+09
1.699989915586604595e+09
1.699989915686609507e+09
1.699989915786597729e+09
1.699989915886598587e+09
1.699989915986601114e+09
1.699989916086587906e+09
1.699989916186600924e+09
1.699989916286586285e+09
1.699989916386599541e+09
1.699989916486597776e+09
1.699989916586591005e+09
1.699989916686602354e+09
1.699989916786551714e+09
1.699989916886601686e+09
1.699989916986573458e+09
1.699989917086560488e+09
1.699989917186598301e+09
1.699989917286584616e+09
1.699989917386605978e+09
1.699989917486610889e+09
1.699989917586542130e+09
1.699989917686604261e+09
1.699989917786587954e+09
1.699989917886587858e+09
1.699989917986555576e+09
1.699989918086586475e+09
1.699989918186586142e+09
1.699989918286585808e+09
1.699989918386563778e+09
1.699989918486584902e+09
1.699989918586587429e+09
1.699989918686589003e+09
1.699989918786600590e+09
1.699989918886595249e+09
1.699989918986586094e+09
1.699989919086608887e+09
1.699989919186586857e+09
1.699989919286599159e+09
1.699989919386610508e+09
1.699989919486589432e+09
1.699989919586600065e+09
1.699989919686586857e+09
1.699989919786604643e+09
1.699989919886562109e+09
1.699989919986588717e+09
1.699989920086598158e+09
1.699989920186588287e+09
1.699989920286579370e+09
1.699989920386591673e+09
1.699989920486560345e+09
1.699989920586612225e+09
1.699989920686583281e+09
1.699989920786569118e+09
1.699989920886600494e+09
1.699989920986599207e+09
1.699989921086539507e+09
1.699989921186613798e+09
1.699989921286596298e+09
1.699989921386615992e+09
1.699989921486606836e+09
1.699989921586587906e+09
1.699989921686612129e+09
1.699989921786591530e+09
1.699989921886620283e+09
1.699989921986588717e+09
1.699989922086592913e+09
1.699989922186576843e+09
1.699989922286593676e+09
1.699989922386591434e+09
1.699989922486596823e+09
1.699989922586592674e+09
1.699989922686611891e+09
1.699989922786624908e+09
1.699989922886593342e+09
1.699989922986573935e+09
1.699989923086607218e+09
1.699989923186608553e+09
1.699989923286600590e+09
1.699989923386633396e+09
1.699989923486602306e+09
1.699989923586590052e+09
1.699989923686666965e+09
1.699989923786591291e+09
1.699989923886589050e+09
1.699989923986588478e+09
1.699989924086591005e+09
1.699989924186646461e+09
1.699989924286603451e+09
1.699989924386612892e+09
1.699989924486687660e+09
1.699989924586592197e+09
1.699989924686616659e+09
1.699989924786554337e+09
1.699989924886622190e+09
1.699989924986598015e+09
1.699989925086598396e+09
1.699989925186596155e+09
1.699989925286638737e+09
1.699989925386598587e+09
1.699989925486634731e+09
1.699989925586599350e+09
1.699989925686651230e+09
1.699989925786617756e+09
1.699989925886601925e+09
1.699989925986636400e+09
1.699989926086599112e+09
1.699989926186596632e+09
1.699989926286597013e+09
1.699989926386600018e+09
1.699989926486634254e+09
1.699989926586601019e+09
1.699989926686596155e+09
1.699989926786620855e+09
1.699989926886613131e+09
1.699989926986595631e+09
1.699989927086553097e+09
1.699989927186596394e+09
1.699989927286601782e+09
1.699989927386623621e+09
1.699989927486587763e+09
1.699989927586634636e+09
1.699989927686607838e+09
1.699989927786600113e+09
1.699989927886643171e+09
1.699989927986602068e+09
1.699989928086598158e+09
1.699989928186600208e+09
1.699989928286636591e+09
1.699989928386596441e+09
1.699989928486643553e+09
1.699989928586619616e+09
1.699989928686598778e+09
1.699989928786628246e+09
1.699989928886597872e+09
1.699989928986620665e+09
1.699989929086549044e+09
1.699989929186557770e+09
1.699989929286595345e+09
1.699989929386599779e+09
1.699989929486603022e+09
1.699989929586596966e+09
1.699989929686599493e+09
1.699989929786635160e+09
1.699989929886562109e+09
1.699989929986607313e+09
1.699989930086598873e+09
1.699989930186619520e+09
1.699989930286601305e+09
1.699989930386649370e+09
1.699989930486597300e+09
1.699989930586617947e+09
1.699989930686594248e+09
1.699989930786594868e+09
1.699989930886619806e+09
1.699989930986608505e+09
1.699989931086598396e+09
1.699989931186616421e+09
1.699989931286595583e+09
1.699989931386591673e+09
1.699989931486640930e+09
1.699989931586618662e+09
1.699989931686573267e+09
1.699989931786639929e+09
1.699989931886605024e+09
1.699989931986597538e+09
1.699989932086625338e+09
1.699989932186596632e+09
1.699989932286620855e+09
1.699989932386623621e+09
1.699989932486596584e+09
1.699989932586635351e+09
1.699989932686575413e+09
1.699989932786615849e+09
1.699989932886592865e+09
1.699989932986600161e+09
1.699989933086616755e+09
1.699989933186595440e+09
1.699989933286597967e+09
1.699989933386593342e+09
1.699989933486619473e+09
1.699989933586627007e+09
1.699989933686597824e+09
1.699989933786598206e+09
1.699989933886593819e+09
1.699989933986570120e+09
1.699989934086557865e+09
1.699989934186588764e+09
1.699989934286597729e+09
1.699989934386597395e+09
1.699989934486597300e+09
1.699989934586598635e+09
1.699989934686621428e+09
1.699989934786560059e+09
1.699989934886598825e+09
1.699989934986596823e+09
1.699989935086595774e+09
1.699989935186673641e+09
1.699989935286598921e+09
1.699989935386624575e+09
1.699989935486615419e+09
1.699989935586590528e+09
1.699989935686626434e+09
1.699989935786595106e+09
1.699989935886585474e+09
1.699989935986597538e+09
1.699989936086612463e+09
1.699989936186622620e+09
1.699989936286596298e+09
1.699989936386633158e+09
1.699989936486606121e+09
1.699989936586590528e+09
1.699989936686608553e+09
1.699989936786601543e+09
1.699989936886602640e+09
1.699989936986594677e+09
1.699989937086591244e+09
1.699989937186627865e+09
1.699989937286593914e+09
1.699989937386628866e+09
1.699989937486619473e+09
1.699989937586593866e+09
1.699989937686617613e+09
1.699989937786594391e+09
1.699989937886628389e+09
1.699989937986595154e+09
1.699989938086592197e+09
1.699989938186595201e+09
1.699989938286594391e+09
1.699989938386590958e+09
1.699989938486594677e+09
1.699989938586606979e+09
1.699989938686636209e+09
1.699989938786592484e+09
1.699989938886620522e+09
1.699989938986619711e+09
1.699989939086615562e+09
1.699989939186620712e+09
1.699989939286610603e+09
1.699989939386596918e+09
1.699989939486633062e+09
1.699989939586653471e+09
1.699989939686598778e+09
1.699989939786626101e+09
1.699989939886592627e+09
1.699989939986614704e+09
1.699989940086593866e+09
1.699989940186596632e+09
1.699989940286596775e+09
1.699989940386591196e+09
1.699989940486630440e+09
1.699989940586596251e+09
1.699989940686604977e+09
1.699989940786592007e+09
1.699989940886616468e+09
1.699989940986593246e+09
1.699989941086631775e+09
1.699989941186613560e+09
1.699989941286614656e+09
1.699989941386614084e+09
1.699989941486587524e+09
1.699989941586621761e+09
1.699989941686588287e+09
1.699989941786638260e+09
1.699989941886591196e+09
1.699989941986596823e+09
1.699989942086597204e+09
1.699989942186593294e+09
1.699989942286611319e+09
1.699989942386625051e+09
1.699989942486612797e+09
1.699989942586614370e+09
1.699989942686594725e+09
1.699989942786597252e+09
1.699989942886598349e+09
1.699989942986560345e+09
1.699989943086558580e+09
1.699989943186598539e+09
1.699989943286622763e+09
1.699989943386598825e+09
1.699989943486659288e+09
1.699989943586606264e+09
1.699989943686589241e+09
1.699989943786637068e+09
1.699989943886593342e+09
1.699989943986603737e+09
1.699989944086591959e+09
1.699989944186590433e+09
1.699989944286604404e+09
1.699989944386596680e+09
1.699989944486618519e+09
1.699989944586596251e+09
1.699989944686608791e+09
1.699989944786610842e+09
1.699989944886593819e+09
1.699989944986592054e+09
1.699989945086597204e+09
1.699989945186613321e+09
1.699989945286593437e+09
1.699989945386596918e+09
1.699989945486595869e+09
1.699989945586608171e+09
1.699989945686615705e+09
1.699989945786604404e+09
1.699989945886568546e+09
1.699989945986591816e+09
1.699989946086593628e+09
1.699989946186585903e+09
1.699989946286591291e+09
1.699989946386620998e+09
1.699989946486598015e+09
1.699989946586589813e+09
1.699989946686623096e+09
1.699989946786607504e+09
1.699989946886614323e+09
1.699989946986580133e+09
1.699989947086620331e+09
1.699989947186632156e+09
