1.694640232616831541e+09
1.694640232632912159e+09
1.694640232640958309e+09
1.694640232653355122e+09
1.694640232657377720e+09
1.694640232673473358e+09
1.694640232677498817e+09
1.694640232694422007e+09
1.694640232698432684e+09
1.694640232710487843e+09
1.694640232718533516e+09
1.694640232734625816e+09
1.694640232738648176e+09
1.694640232754751682e+09
1.694640232758771896e+09
1.694640232774840832e+09
1.694640232774840832e+09
1.694640232789908886e+09
1.694640232798417568e+09
1.694640232814507484e+09
1.694640232818530083e+09
1.694640232834619761e+09
1.694640232838642359e+09
1.694640232850709438e+09
1.694640232858754396e+09
1.694640232870892286e+09
1.694640232878963232e+09
1.694640232891031742e+09
1.694640232899330139e+09
1.694640232911398649e+09
1.694640232919433832e+09
1.694640232931489944e+09
1.694640232939535618e+09
1.694640232951992989e+09
1.694640232956016541e+09
1.694640232972567320e+09
1.694640232976592541e+09
1.694640232992754936e+09
1.694640232996777296e+09
1.694640232996777296e+09
1.694640232996777296e+09
1.694640233034218073e+09
1.694640233038240433e+09
1.694640233050309420e+09
1.694640233058354616e+09
1.694640233074442148e+09
1.694640233088743687e+09
1.694640233092757463e+09
1.694640233108850241e+09
1.694640233112864494e+09
1.694640233128954649e+09
1.694640233137000561e+09
1.694640233145045519e+09
1.694640233149175167e+09
1.694640233165266514e+09
1.694640233169365883e+09
1.694640233185739517e+09
1.694640233189763784e+09
1.694640233202064037e+09
1.694640233206085205e+09
1.694640233222171068e+09
1.694640233226193428e+09
1.694640233242281437e+09
1.694640233258358717e+09
1.694640233262381077e+09
1.694640233275300741e+09
1.694640233280269146e+09
1.694640233296893597e+09
1.694640233300915003e+09
1.694640233312986135e+09
1.694640233321014881e+09
1.694640233333081722e+09
1.694640233341126680e+09
1.694640233353768826e+09
1.694640233357791185e+09
1.694640233369844675e+09
1.694640233377948284e+09
1.694640233390905619e+09
1.694640233398945808e+09
1.694640233415035248e+09
1.694640233419043064e+09
1.694640233432455540e+09
1.694640233436464071e+09
1.694640233452548981e+09
1.694640233456571817e+09
1.694640233472640991e+09
1.694640233476663828e+09
1.694640233493973017e+09
1.694640233497993946e+09
1.694640233510044336e+09
1.694640233518090248e+09
1.694640233534161806e+09
1.694640233542207003e+09
1.694640233554274082e+09
1.694640233558295727e+09
1.694640233570808411e+09
1.694640233578853369e+09
1.694640233590909958e+09
1.694640233598958731e+09
1.694640233611027002e+09
1.694640233619071484e+09
1.694640233635161877e+09
1.694640233639184713e+09
1.694640233652349472e+09
1.694640233656372547e+09
1.694640233672512054e+09
1.694640233676627159e+09
1.694640233696040630e+09
1.694640233696040630e+09
1.694640233712354183e+09
1.694640233716376543e+09
1.694640233736486197e+09
1.694640233740508795e+09
1.694640233752560854e+09
1.694640233756585836e+09
1.694640233772689581e+09
1.694640233776712656e+09
1.694640233792864323e+09
1.694640233796886683e+09
1.694640233811533213e+09
1.694640233819576979e+09
1.694640233835664034e+09
1.694640233839686394e+09
1.694640233851738214e+09
1.694640233855760813e+09
1.694640233872187138e+09
1.694640233876210928e+09
1.694640233892319202e+09
1.694640233896341324e+09
1.694640233912431002e+09
1.694640233920463562e+09
1.694640233936557293e+09
1.694640233940579653e+09
1.694640233952646017e+09
1.694640233956668615e+09
1.694640233972856045e+09
1.694640233976864338e+09
1.694640233992990255e+09
1.694640233997013807e+09
1.694640233997013807e+09
1.694640233997013807e+09
1.694640234037236691e+09
1.694640234041237116e+09
1.694640234053289652e+09
1.694640234057312012e+09
1.694640234057312012e+09
1.694640234081543207e+09
1.694640234098362207e+09
1.694640234102643728e+09
1.694640234118783236e+09
1.694640234122805595e+09
1.694640234138886213e+09
1.694640234138886213e+09
1.694640234154964447e+09
1.694640234158986568e+09
1.694640234175069571e+09
1.694640234175069571e+09
1.694640234192490339e+09
1.694640234197664499e+09
1.694640234213752508e+09
1.694640234213752508e+09
1.694640234233864784e+09
1.694640234237877131e+09
1.694640234254006386e+09
1.694640234266063929e+09
1.694640234274109602e+09
1.694640234286292076e+09
1.694640234294317722e+09
1.694640234306383610e+09
1.694640234310407162e+09
1.694640234326463699e+09
1.694640234330486298e+09
1.694640234342556953e+09
1.694640234346579790e+09
1.694640234363172054e+09
1.694640234367194414e+09
1.694640234383267641e+09
1.694640234399468184e+09
1.694640234403490543e+09
1.694640234415558100e+09
1.694640234423602581e+09
1.694640234435664177e+09
1.694640234439686298e+09
1.694640234455755949e+09
1.694640234459778070e+09
1.694640234471881390e+09
1.694640234471881390e+09
1.694640234492967844e+09
1.694640234496989727e+09
1.694640234511072397e+09
1.694640234519114733e+09
1.694640234535197020e+09
1.694640234539219379e+09
1.694640234551290512e+09
1.694640234559335709e+09
1.694640234571400642e+09
1.694640234579667807e+09
1.694640234591734409e+09
1.694640234595755577e+09
1.694640234612019062e+09
1.694640234616041422e+09
1.694640234636154652e+09
1.694640234640177011e+09
1.694640234652226448e+09
1.694640234656248569e+09
1.694640234672343493e+09
1.694640234676550388e+09
1.694640234693709373e+09
1.694640234697715998e+09
1.694640234713820696e+09
1.694640234717843056e+09
1.694640234733913422e+09
1.694640234741958380e+09
1.694640234754026413e+09
1.694640234758048534e+09
1.694640234774121046e+09
1.694640234778142929e+09
1.694640234790518045e+09
1.694640234798563242e+09
1.694640234811002254e+09
1.694640234819047213e+09
1.694640234835135937e+09
1.694640234839158535e+09
1.694640234851225376e+09
1.694640234859263420e+09
1.694640234871358156e+09
1.694640234879403114e+09
1.694640234894037008e+09
1.694640234898059368e+09
1.694640234910113096e+09
1.694640234918159723e+09
1.694640234934253216e+09
1.694640234942367792e+09
1.694640234954435110e+09
1.694640234958457470e+09
1.694640234970509291e+09
1.694640234978560925e+09
1.694640234990653276e+09
1.694640234998698711e+09
1.694640234998698711e+09
1.694640234998698711e+09
1.694640235034862995e+09
1.694640235038885593e+09
1.694640235054976225e+09
1.694640235054976225e+09
1.694640235071048260e+09
1.694640235075070620e+09
1.694640235091213465e+09
1.694640235107284784e+09
1.694640235111305952e+09
1.694640235111305952e+09
1.694640235131615639e+09
1.694640235147690058e+09
1.694640235151712418e+09
1.694640235163780212e+09
1.694640235167802334e+09
1.694640235183885574e+09
1.694640235192057848e+09
1.694640235204110622e+09
1.694640235208132744e+09
1.694640235220180511e+09
1.694640235228221178e+09
1.694640235244395733e+09
1.694640235260487795e+09
1.694640235264510632e+09
1.694640235276686192e+09
1.694640235280698061e+09
1.694640235296854973e+09
1.694640235300864458e+09
1.694640235316945314e+09
1.694640235320967913e+09
1.694640235337058067e+09
1.694640235341080904e+09
1.694640235353149176e+09
1.694640235357171774e+09
1.694640235373254776e+09
1.694640235377268553e+09
1.694640235391285181e+09
1.694640235399332762e+09
1.694640235411384344e+09
1.694640235419430733e+09
1.694640235435538769e+09
1.694640235439539433e+09
1.694640235451621294e+09
1.694640235455631495e+09
1.694640235472495556e+09
1.694640235476522684e+09
1.694640235492542505e+09
1.694640235500585556e+09
1.694640235512648344e+09
1.694640235516671181e+09
1.694640235532760382e+09
1.694640235540807486e+09
1.694640235552883625e+09
1.694640235556899071e+09
1.694640235572976351e+09
1.694640235576999426e+09
1.694640235593112230e+09
1.694640235597135782e+09
1.694640235613419533e+09
1.694640235617441416e+09
1.694640235633527994e+09
1.694640235641571999e+09
1.694640235653703213e+09
1.694640235657725573e+09
1.694640235669763803e+09
1.694640235678054094e+09
1.694640235690106869e+09
1.694640235698156595e+09
1.694640235710226297e+09
1.694640235718264341e+09
1.694640235734353781e+09
1.694640235742398500e+09
1.694640235754465103e+09
1.694640235758487225e+09
1.694640235770556450e+09
1.694640235778690815e+09
1.694640235792997360e+09
1.694640235801027298e+09
1.694640235813094616e+09
1.694640235817117214e+09
1.694640235833201170e+09
1.694640235841243744e+09
1.694640235853308678e+09
1.694640235857330799e+09
1.694640235873429060e+09
1.694640235877451897e+09
1.694640235893626213e+09
1.694640235897648811e+09
1.694640235913732767e+09
1.694640235917755365e+09
1.694640235933844805e+09
1.694640235941891432e+09
1.694640235953948259e+09
1.694640235957964659e+09
1.694640235974154472e+09
1.694640235978176594e+09
1.694640235994472980e+09
1.694640235998496771e+09
1.694640235998496771e+09
1.694640235998496771e+09
1.694640236034675598e+09
1.694640236038697958e+09
1.694640236050762653e+09
1.694640236058807850e+09
1.694640236074898005e+09
1.694640236074898005e+09
1.694640236091102123e+09
1.694640236108085871e+09
1.694640236112100601e+09
1.694640236128186941e+09
1.694640236136231899e+09
1.694640236144257307e+09
1.694640236152302742e+09
1.694640236164366245e+09
1.694640236168389082e+09
1.694640236184456825e+09
1.694640236188468218e+09
1.694640236201264620e+09
1.694640236209310293e+09
1.694640236221376657e+09
1.694640236229424477e+09
1.694640236241491556e+09
1.694640236257573605e+09
1.694640236261596918e+09
1.694640236277664423e+09
1.694640236281687260e+09
1.694640236294565678e+09
1.694640236302609444e+09
1.694640236314676285e+09
1.694640236318681479e+09
1.694640236334763288e+09
1.694640236338785887e+09
1.694640236350840330e+09
1.694640236366933346e+09
1.694640236370957613e+09
1.694640236379035711e+09
1.694640236391263962e+09
1.694640236399307966e+09
1.694640236411420107e+09
1.694640236419471502e+09
1.694640236435563564e+09
1.694640236439585924e+09
1.694640236451804161e+09
1.694640236459845066e+09
1.694640236471903086e+09
1.694640236480053425e+09
1.694640236492108822e+09
1.694640236500152826e+09
1.694640236512233734e+09
1.694640236520278454e+09
1.694640236536368132e+09
1.694640236540391207e+09
1.694640236552446365e+09
1.694640236556464911e+09
1.694640236572576284e+09
1.694640236576599598e+09
1.694640236590311527e+09
1.694640236598361015e+09
1.694640236610425472e+09
1.694640236618655205e+09
1.694640236634743929e+09
1.694640236638767242e+09
1.694640236654844046e+09
1.694640236658863783e+09
1.694640236670934200e+09
1.694640236679157019e+09
1.694640236692473173e+09
1.694640236697698593e+09
1.694640236711017132e+09
1.694640236719063282e+09
1.694640236735152483e+09
1.694640236743196011e+09
1.694640236751241684e+09
1.694640236759287119e+09
1.694640236771507740e+09
1.694640236779725552e+09
1.694640236791830301e+09
1.694640236799932003e+09
1.694640236813385963e+09
1.694640236817408562e+09
1.694640236833485126e+09
1.694640236841512918e+09
1.694640236849654198e+09
1.694640236857933998e+09
1.694640236870000601e+09
1.694640236878065109e+09
1.694640236890121698e+09
1.694640236898146152e+09
1.694640236910212040e+09
1.694640236918256760e+09
1.694640236934345722e+09
1.694640236942390442e+09
1.694640236954459906e+09
1.694640236958465576e+09
1.694640236970535278e+09
1.694640236978580475e+09
1.694640236992110729e+09
1.694640236996132135e+09
1.694640236996132135e+09
1.694640236996132135e+09
1.694640237033799887e+09
1.694640237041846275e+09
1.694640237053915024e+09
1.694640237057937384e+09
1.694640237074017763e+09
1.694640237090194225e+09
1.694640237094216347e+09
1.694640237110285282e+09
1.694640237114302874e+09
1.694640237114302874e+09
1.694640237130375624e+09
1.694640237142444134e+09
1.694640237150487423e+09
1.694640237162739277e+09
1.694640237170785904e+09
1.694640237182860374e+09
1.694640237196290731e+09
1.694640237204335213e+09
1.694640237208356142e+09
1.694640237224435091e+09
1.694640237240511894e+09
1.694640237244534969e+09
1.694640237260624409e+09
1.694640237264647007e+09
1.694640237277032375e+09
1.694640237281054497e+09
1.694640237297728300e+09
1.694640237301749945e+09
1.694640237314528227e+09
1.694640237319998026e+09
1.694640237336086512e+09
1.694640237340109348e+09
1.694640237352178574e+09
1.694640237356200933e+09
1.694640237372291327e+09
1.694640237376298666e+09
1.694640237393998623e+09
1.694640237398009300e+09
1.694640237410683155e+09
1.694640237418767929e+09
1.694640237434854269e+09
1.694640237442898035e+09
1.694640237450943470e+09
1.694640237458976746e+09
1.694640237471044779e+09
1.694640237479089975e+09
1.694640237495306015e+09
1.694640237499313116e+09
1.694640237512239933e+09
1.694640237520286560e+09
1.694640237536373138e+09
1.694640237540395498e+09
1.694640237552465439e+09
1.694640237568555593e+09
1.694640237572568893e+09
1.694640237580616713e+09
1.694640237592888832e+09
1.694640237596910715e+09
1.694640237612985134e+09
1.694640237617007971e+09
1.694640237633110523e+09
1.694640237641154528e+09
1.694640237653202534e+09
1.694640237657225132e+09
1.694640237673320055e+09
1.694640237677342892e+09
1.694640237692227364e+09
1.694640237697539330e+09
1.694640237713620186e+09
1.694640237717653275e+09
1.694640237733733892e+09
1.694640237741779327e+09
1.694640237753847361e+09
1.694640237757869959e+09
1.694640237769940138e+09
1.694640237778093815e+09
1.694640237791719675e+09
1.694640237795746088e+09
1.694640237811804056e+09
1.694640237819849968e+09
1.694640237831915855e+09
1.694640237843989134e+09
1.694640237852030039e+09
1.694640237860077143e+09
1.694640237872149944e+09
1.694640237876495123e+09
1.694640237892593145e+09
1.694640237896607399e+09
1.694640237912682772e+09
1.694640237916705847e+09
1.694640237932780266e+09
1.694640237940824986e+09
1.694640237952897310e+09
1.694640237956919909e+09
1.694640237973165989e+09
1.694640237977187634e+09
1.694640237994417667e+09
1.694640237998444080e+09
1.694640237998444080e+09
1.694640237998444080e+09
1.694640238034645319e+09
1.694640238038667917e+09
1.694640238050711632e+09
1.694640238066802263e+09
1.694640238079055071e+09
1.694640238083088636e+09
1.694640238099187613e+09
1.694640238103210211e+09
1.694640238115265608e+09
1.694640238123308420e+09
1.694640238135366201e+09
1.694640238143410921e+09
1.694640238155552864e+09
1.694640238159575224e+09
1.694640238175728321e+09
1.694640238179751158e+09
1.694640238191816568e+09
1.694640238207891941e+09
1.694640238211906195e+09
1.694640238215928316e+09
1.694640238232013464e+09
1.694640238236035824e+09
1.694640238252112150e+09
1.694640238268205166e+09
1.694640238272217035e+09
1.694640238284516096e+09
1.694640238293689966e+09
1.694640238306125641e+09
1.694640238310203791e+09
1.694640238322270155e+09
1.694640238330315828e+09
1.694640238342383385e+09
1.694640238350427628e+09
1.694640238362486839e+09
1.694640238378566742e+09
1.694640238386618614e+09
1.694640238400518894e+09
1.694640238404541016e+09
1.694640238416607380e+09
1.694640238420630455e+09
1.694640238436723471e+09
1.694640238444767237e+09
1.694640238456837177e+09
1.694640238460859537e+09
1.694640238476972580e+09
1.694640238480994940e+09
1.694640238491703033e+09
1.694640238499725103e+09
1.694640238511778593e+09
1.694640238519821882e+09
1.694640238535905600e+09
1.694640238543949842e+09
1.694640238552034616e+09
1.694640238560064077e+09
1.694640238572159529e+09
1.694640238576183319e+09
1.694640238592847347e+09
1.694640238596866846e+09
1.694640238613307953e+09
1.694640238617330551e+09
1.694640238633417368e+09
1.694640238641456127e+09
1.694640238653491259e+09
1.694640238657513380e+09
1.694640238670936108e+09
1.694640238678981304e+09
1.694640238691048384e+09
1.694640238699085236e+09
1.694640238711151361e+09
1.694640238719195843e+09
1.694640238731262922e+09
1.694640238739286184e+09
1.694640238751353979e+09
1.694640238759399891e+09
1.694640238771483660e+09
1.694640238775835991e+09
1.694640238792227268e+09
1.694640238796248913e+09
1.694640238812421322e+09
1.694640238816444874e+09
1.694640238832530737e+09
1.694640238840574503e+09
1.694640238852641582e+09
1.694640238856664896e+09
1.694640238872740030e+09
1.694640238876769304e+09
1.694640238894898415e+09
1.694640238898921967e+09
1.694640238912099600e+09
1.694640238916122913e+09
1.694640238932212353e+09
1.694640238940257311e+09
1.694640238952324867e+09
1.694640238956349134e+09
1.694640238972440004e+09
1.694640238980485916e+09
1.694640238992554188e+09
1.694640238996577501e+09
1.694640238996577501e+09
1.694640238996577501e+09
1.694640239036788225e+09
1.694640239040810585e+09
1.694640239052863598e+09
1.694640239056886911e+09
1.694640239068954229e+09
1.694640239088447094e+09
1.694640239092465878e+09
1.694640239108861446e+09
1.694640239112882614e+09
1.694640239128947258e+09
1.694640239132971287e+09
1.694640239149060488e+09
1.694640239149060488e+09
1.694640239165139198e+09
1.694640239169162035e+09
1.694640239185259342e+09
1.694640239194088221e+09
1.694640239202131271e+09
1.694640239206152439e+09
1.694640239222225666e+09
1.694640239226249456e+09
1.694640239242339849e+09
1.694640239258434296e+09
1.694640239262771368e+09
1.694640239278859377e+09
1.694640239284069300e+09
1.694640239298519135e+09
1.694640239302670717e+09
1.694640239314728975e+09
1.694640239318751335e+09
1.694640239334830046e+09
1.694640239338852882e+09
1.694640239350910425e+09
1.694640239358956575e+09
1.694640239371031046e+09
1.694640239379092455e+09
1.694640239391222715e+09
1.694640239400354862e+09
1.694640239412394047e+09
1.694640239416415453e+09
1.694640239432507753e+09
1.694640239440551996e+09
1.694640239452618599e+09
1.694640239460646391e+09
1.694640239472715378e+09
1.694640239476882696e+09
1.694640239490406513e+09
1.694640239498450279e+09
1.694640239510524035e+09
1.694640239518567085e+09
1.694640239530635357e+09
1.694640239538681746e+09
1.694640239554771900e+09
1.694640239558794022e+09
1.694640239570863962e+09
1.694640239578906536e+09
1.694640239590970516e+09
1.694640239599012613e+09
1.694640239611060858e+09
1.694640239619103909e+09
1.694640239631170034e+09
1.694640239639214277e+09
1.694640239651264191e+09
1.694640239659313202e+09
1.694640239671381235e+09
1.694640239679760695e+09
1.694640239692477226e+09
1.694640239696498871e+09
1.694640239712580681e+09
1.694640239716603279e+09
1.694640239732693911e+09
1.694640239740737677e+09
1.694640239752805948e+09
1.694640239756829262e+09
1.694640239772899866e+09
1.694640239776923418e+09
1.694640239793328285e+09
1.694640239801377535e+09
1.694640239813441753e+09
1.694640239817462921e+09
1.694640239833552837e+09
1.694640239841597795e+09
1.694640239849641562e+09
1.694640239857672930e+09
1.694640239873762608e+09
1.694640239877784967e+09
1.694640239889847279e+09
1.694640239898375750e+09
1.694640239910464764e+09
1.694640239918491125e+09
1.694640239930547237e+09
1.694640239942614794e+09
1.694640239950662374e+09
1.694640239958707809e+09
1.694640239970756292e+09
1.694640239978801489e+09
1.694640239998380423e+09
1.694640239998380423e+09
1.694640239998380423e+09
1.694640239998380423e+09
1.694640240034600973e+09
1.694640240038623571e+09
1.694640240050691128e+09
1.694640240058736324e+09
1.694640240070805311e+09
1.694640240075402975e+09
1.694640240091493607e+09
1.694640240107572079e+09
1.694640240111597538e+09
1.694640240127663374e+09
1.694640240131686211e+09
1.694640240147776604e+09
1.694640240151798725e+09
1.694640240163848877e+09
1.694640240168272018e+09
1.694640240184363127e+09
1.694640240190499306e+09
1.694640240203307152e+09
1.694640240207589388e+09
1.694640240223664522e+09
1.694640240223664522e+09
1.694640240239985704e+09
1.694640240248031139e+09
1.694640240260087013e+09
1.694640240276334524e+09
1.694640240284369946e+09
1.694640240296409607e+09
1.694640240300572872e+09
1.694640240312984943e+09
1.694640240321086407e+09
1.694640240333152771e+09
1.694640240337168455e+09
1.694640240353283405e+09
1.694640240357306004e+09
1.694640240373391628e+09
1.694640240377638817e+09
1.694640240391131163e+09
1.694640240399163961e+09
1.694640240411213160e+09
1.694640240419255018e+09
1.694640240431345940e+09
1.694640240439390659e+09
1.694640240455503941e+09
1.694640240459526062e+09
1.694640240471590042e+09
1.694640240479635954e+09
1.694640240492516994e+09
1.694640240496539354e+09
1.694640240513302088e+09
1.694640240517323971e+09
1.694640240533414125e+09
1.694640240541444778e+09
1.694640240553513050e+09
1.694640240557536840e+09
1.694640240573641062e+09
1.694640240577850342e+09
1.694640240593585730e+09
1.694640240601663113e+09
1.694640240613730431e+09
1.694640240617735147e+09
1.694640240633824825e+09
1.694640240641880274e+09
1.694640240649925709e+09
1.694640240658242702e+09
1.694640240670444012e+09
1.694640240678524971e+09
1.694640240690585375e+09
1.694640240698631048e+09
1.694640240714742899e+09
1.694640240718764067e+09
1.694640240730832815e+09
1.694640240742885113e+09
1.694640240754952669e+09
1.694640240758974075e+09
1.694640240771036386e+09
1.694640240779082298e+09
1.694640240792463303e+09
1.694640240796485662e+09
1.694640240812560081e+09
1.694640240816582918e+09
1.694640240832672119e+09
1.694640240840716839e+09
1.694640240852782965e+09
1.694640240856801748e+09
1.694640240873014927e+09
1.694640240877036810e+09
1.694640240890686274e+09
1.694640240899337769e+09
1.694640240912093639e+09
1.694640240916114807e+09
1.694640240932203293e+09
1.694640240940249205e+09
1.694640240952316761e+09
1.694640240956340075e+09
1.694640240972430229e+09
1.694640240976453304e+09
1.694640240993079185e+09
1.694640240997101068e+09
1.694640240997101068e+09
1.694640240997101068e+09
1.694640241033264399e+09
1.694640241041309357e+09
1.694640241053377867e+09
1.694640241057400703e+09
1.694640241069452286e+09
1.694640241079256535e+09
1.694640241091308355e+09
1.694640241107987642e+09
1.694640241112082481e+09
1.694640241128153086e+09
1.694640241132163048e+09
1.694640241152274132e+09
1.694640241152274132e+09
1.694640241164333820e+09
1.694640241168381691e+09
1.694640241185320139e+09
1.694640241196509600e+09
1.694640241200625420e+09
1.694640241208827972e+09
1.694640241224906683e+09
1.694640241224906683e+09
1.694640241240997553e+09
1.694640241249042988e+09
1.694640241261818647e+09
1.694640241277912855e+09
1.694640241281936884e+09
1.694640241294153214e+09
1.694640241302612305e+09
1.694640241316599607e+09
1.694640241320620775e+09
1.694640241332679033e+09
1.694640241340724707e+09
1.694640241356805086e+09
1.694640241356805086e+09
1.694640241373113155e+09
1.694640241377340317e+09
1.694640241395611525e+09
1.694640241399634600e+09
1.694640241411687851e+09
1.694640241419730663e+09
1.694640241431792021e+09
1.694640241439838409e+09
1.694640241455978155e+09
1.694640241460000515e+09
1.694640241472059011e+09
1.694640241480227232e+09
1.694640241488271952e+09
1.694640241498466015e+09
1.694640241510532141e+09
1.694640241518552780e+09
1.694640241530604839e+09
1.694640241542667150e+09
1.694640241554733515e+09
1.694640241558756351e+09
1.694640241570832491e+09
1.694640241578865290e+09
1.694640241591335773e+09
1.694640241595364332e+09
1.694640241611449718e+09
1.694640241619477987e+09
1.694640241631547689e+09
1.694640241639594555e+09
1.694640241651642323e+09
1.694640241659770012e+09
1.694640241671821594e+09
1.694640241682893038e+09
1.694640241691400528e+09
1.694640241695421696e+09
1.694640241711474180e+09
1.694640241719589949e+09
1.694640241731656790e+09
1.694640241739700317e+09
1.694640241755789280e+09
1.694640241759793997e+09
1.694640241771861315e+09
1.694640241780133486e+09
1.694640241792212248e+09
1.694640241800292253e+09
1.694640241812354803e+09
1.694640241820397615e+09
1.694640241832467318e+09
1.694640241840512514e+09
1.694640241852579594e+09
1.694640241856602430e+09
1.694640241876155376e+09
1.694640241880182981e+09
1.694640241892254829e+09
1.694640241896278381e+09
1.694640241913533211e+09
1.694640241917558193e+09
1.694640241933630705e+09
1.694640241941664696e+09
1.694640241953732252e+09
1.694640241957763433e+09
1.694640241973852396e+09
1.694640241977910280e+09
1.694640241990266323e+09
1.694640241998311758e+09
1.694640241998311758e+09
1.694640241998311758e+09
1.694640242034507990e+09
1.694640242038530588e+09
1.694640242054621220e+09
1.694640242058643579e+09
1.694640242078729868e+09
1.694640242087285519e+09
1.694640242099354267e+09
1.694640242103376150e+09
1.694640242119824886e+09
1.694640242123846054e+09
1.694640242135909796e+09
1.694640242143952370e+09
1.694640242156020164e+09
1.694640242160043240e+09
1.694640242172108650e+09
1.694640242180254221e+09
1.694640242192464828e+09
1.694640242196486235e+09
1.694640242214139223e+09
1.694640242218160629e+09
1.694640242234681606e+09
1.694640242250771284e+09
1.694640242254793406e+09
1.694640242266865253e+09
1.694640242270895958e+09
1.694640242287257671e+09
1.694640242295414686e+09
1.694640242303702116e+09
1.694640242308915854e+09
1.694640242325000525e+09
1.694640242329021692e+09
1.694640242345108032e+09
1.694640242349130154e+09
1.694640242361198187e+09
1.694640242365220070e+09
1.694640242381309986e+09
1.694640242388579130e+09
1.694640242401676655e+09
1.694640242416891813e+09
1.694640242420914412e+09
1.694640242436999321e+09
1.694640242441022158e+09
1.694640242457111120e+09
1.694640242461134195e+09
1.694640242473189831e+09
1.694640242477197886e+09
1.694640242494138479e+09
1.694640242498162270e+09
1.694640242513334274e+09
1.694640242517400742e+09
1.694640242533475161e+09
1.694640242541512728e+09
1.694640242553579807e+09
1.694640242557603598e+09
1.694640242573693752e+09
1.694640242577718019e+09
1.694640242593828678e+09
1.694640242597918510e+09
1.694640242614002228e+09
1.694640242618033409e+09
1.694640242630115747e+09
1.694640242638155937e+09
1.694640242654628038e+09
1.694640242658651590e+09
1.694640242670705080e+09
1.694640242678753614e+09
1.694640242691157103e+09
1.694640242699200630e+09
1.694640242714513540e+09
1.694640242718775511e+09
1.694640242730829239e+09
1.694640242738855362e+09
1.694640242754931927e+09
1.694640242758954525e+09
1.694640242771024704e+09
1.694640242779053211e+09
1.694640242791111946e+09
1.694640242796049356e+09
1.694640242812250614e+09
1.694640242816272974e+09
1.694640242832362413e+09
1.694640242836385012e+09
1.694640242852464676e+09
1.694640242860532284e+09
1.694640242872598410e+09
1.694640242876620531e+09
1.694640242891307592e+09
1.694640242899523735e+09
1.694640242912475109e+09
1.694640242916497707e+09
1.694640242932586432e+09
1.694640242936608791e+09
1.694640242952698231e+09
1.694640242960906982e+09
1.694640242973037243e+09
1.694640242986380339e+09
1.694640242990403652e+09
1.694640242998431444e+09
1.694640242998431444e+09
1.694640242998431444e+09
1.694640243034643650e+09
1.694640243038665295e+09
1.694640243054755449e+09
1.694640243058777809e+09
1.694640243074864864e+09
1.694640243090950966e+09
1.694640243094973087e+09
1.694640243107038021e+09
1.694640243115082502e+09
1.694640243127146721e+09
1.694640243135191679e+09
1.694640243147246122e+09
1.694640243155264139e+09
1.694640243163293362e+09
1.694640243171339512e+09
1.694640243183409929e+09
1.694640243187433958e+09
1.694640243203725338e+09
1.694640243203725338e+09
1.694640243219952583e+09
1.694640243227979898e+09
1.694640243240044355e+09
1.694640243248084784e+09
1.694640243264299870e+09
1.694640243276368141e+09
1.694640243281875849e+09
1.694640243295217752e+09
1.694640243303261280e+09
1.694640243316063881e+09
1.694640243320085287e+09
1.694640243332137108e+09
1.694640243340182066e+09
1.694640243356267452e+09
1.694640243360289812e+09
1.694640243372339725e+09
1.694640243380386114e+09
1.694640243393081903e+09
1.694640243397103071e+09
1.694640243413168907e+09
1.694640243417190075e+09
1.694640243433759212e+09
1.694640243441804171e+09
1.694640243453872442e+09
1.694640243457896948e+09
1.694640243473983049e+09
1.694640243477988958e+09
1.694640243490107059e+09
1.694640243498137474e+09
1.694640243514344215e+09
1.694640243518365622e+09
1.694640243530433893e+09
1.694640243538464069e+09
1.694640243554552555e+09
1.694640243558574915e+09
1.694640243574668646e+09
1.694640243578677893e+09
1.694640243594384193e+09
1.694640243598407745e+09
1.694640243610467196e+09
1.694640243618511915e+09
1.694640243630578518e+09
1.694640243638622522e+09
1.694640243654709816e+09
1.694640243658732653e+09
1.694640243670799971e+09
1.694640243678837776e+09
1.694640243693637609e+09
1.694640243697660446e+09
1.694640243713734150e+09
1.694640243717755318e+09
1.694640243733844757e+09
1.694640243741889238e+09
1.694640243753957510e+09
1.694640243758072615e+09
1.694640243774146795e+09
1.694640243778178453e+09
1.694640243791278124e+09
1.694640243797723770e+09
1.694640243813802958e+09
1.694640243825870037e+09
1.694640243833914518e+09
1.694640243841965914e+09
1.694640243854032040e+09
1.694640243858054399e+09
1.694640243870115995e+09
1.694640243882473946e+09
1.694640243890508413e+09
1.694640243898544550e+09
1.694640243910697460e+09
1.694640243918721437e+09
1.694640243930777311e+09
1.694640243938822031e+09
1.694640243954907894e+09
1.694640243958930254e+09
1.694640243971000433e+09
1.694640243979153395e+09
1.694640243991220474e+09
1.694640243999264479e+09
1.694640243999264479e+09
1.694640243999264479e+09
1.694640244036187887e+09
1.694640244040210009e+09
1.694640244056289196e+09
1.694640244060311794e+09
1.694640244072362423e+09
1.694640244076522589e+09
1.694640244088590145e+09
1.694640244103254318e+09
1.694640244111286879e+09
1.694640244127374172e+09
1.694640244131396294e+09
1.694640244147485971e+09
1.694640244151507616e+09
1.694640244163574934e+09
1.694640244171603441e+09
1.694640244183664083e+09
1.694640244193365097e+09
1.694640244201756954e+09
1.694640244205779791e+09
1.694640244221861839e+09
1.694640244225883484e+09
1.694640244241973162e+09
1.694640244245995522e+09
1.694640244262085438e+09
1.694640244278723001e+09
1.694640244282746315e+09
1.694640244297711611e+09
1.694640244301734209e+09
1.694640244315706015e+09
1.694640244319727182e+09
1.694640244335801125e+09
1.694640244339823484e+09
1.694640244355917692e+09
1.694640244359939814e+09
1.694640244372008324e+09
1.694640244380055189e+09
1.694640244392404556e+09
1.694640244400450945e+09
1.694640244409901381e+09
1.694640244418258905e+09
1.694640244430324316e+09
1.694640244438369036e+09
1.694640244454457521e+09
1.694640244458462954e+09
1.694640244470531702e+09
1.694640244478578329e+09
1.694640244492116213e+09
1.694640244500176668e+09
1.694640244515246391e+09
1.694640244519263506e+09
1.694640244531329393e+09
1.694640244539373875e+09
1.694640244555463314e+09
1.694640244559467077e+09
1.694640244571534872e+09
1.694640244579579830e+09
1.694640244591980457e+09
1.694640244595994234e+09
1.694640244612744570e+09
1.694640244616765499e+09
1.694640244632852077e+09
1.694640244636863947e+09
1.694640244656977892e+09
1.694640244661000013e+09
1.694640244673198223e+09
1.694640244677473307e+09
1.694640244693659067e+09
1.694640244697664261e+09
1.694640244713857651e+09
1.694640244717881203e+09
1.694640244733970642e+09
1.694640244737993002e+09
1.694640244754063845e+09
1.694640244758086205e+09
1.694640244774163008e+09
1.694640244778185368e+09
1.694640244790274858e+09
1.694640244798492908e+09
1.694640244810563326e+09
1.694640244818609476e+09
1.694640244830678701e+09
1.694640244838724852e+09
1.694640244854816675e+09
1.694640244858838797e+09
1.694640244870978832e+09
1.694640244879024029e+09
1.694640244892121077e+09
1.694640244896477222e+09
1.694640244909981251e+09
1.694640244918392897e+09
1.694640244930456161e+09
1.694640244938491106e+09
1.694640244950557232e+09
1.694640244962625504e+09
1.694640244970674753e+09
1.694640244978714466e+09
1.694640244990782976e+09
1.694640244998826504e+09
1.694640244998826504e+09
1.694640244998826504e+09
1.694640245034980774e+09
1.694640245039003372e+09
1.694640245051054955e+09
1.694640245059100151e+09
1.694640245071167707e+09
1.694640245075191975e+09
1.694640245091548681e+09
1.694640245095557451e+09
1.694640245112082005e+09
1.694640245128362417e+09
1.694640245132385731e+09
1.694640245148466110e+09
1.694640245152488470e+09
1.694640245164556265e+09
1.694640245168578625e+09
1.694640245184669256e+09
1.694640245188690186e+09
1.694640245204811811e+09
1.694640245208833933e+09
1.694640245224907637e+09
1.694640245224907637e+09
1.694640245241004944e+09
1.694640245249049664e+09
1.694640245261116982e+09
1.694640245277208567e+09
1.694640245281230927e+09
1.694640245298147678e+09
1.694640245302176476e+09
1.694640245314242363e+09
1.694640245318264961e+09
1.694640245334352970e+09
1.694640245338374138e+09
1.694640245354463816e+09
1.694640245362509012e+09
1.694640245370553732e+09
1.694640245378599405e+09
1.694640245392173052e+09
1.694640245396196127e+09
1.694640245414296865e+09
1.694640245418318987e+09
1.694640245430383682e+09
1.694640245438427687e+09
1.694640245454489946e+09
1.694640245458512306e+09
1.694640245470615625e+09
1.694640245478662014e+09
1.694640245490774155e+09
1.694640245498865843e+09
1.694640245511264563e+09
1.694640245519309282e+09
1.694640245531374216e+09
1.694640245539418459e+09
1.694640245555516720e+09
1.694640245559539795e+09
1.694640245571632624e+09
1.694640245579665184e+09
1.694640245595366478e+09
1.694640245600078106e+09
1.694640245612175703e+09
1.694640245617449760e+09
1.694640245633540630e+09
1.694640245637563229e+09
1.694640245657664537e+09
1.694640245661686897e+09
1.694640245673744678e+09
1.694640245677745819e+09
1.694640245693883419e+09
1.694640245697904348e+09
1.694640245713977575e+09
1.694640245718002081e+09
1.694640245734086514e+09
1.694640245738109112e+09
1.694640245754199982e+09
1.694640245762246609e+09
1.694640245770293474e+09
1.694640245778503418e+09
1.694640245778503418e+09
1.694640245806195498e+09
1.694640245810216665e+09
1.694640245819313765e+09
1.694640245831382513e+09
1.694640245839426756e+09
1.694640245855515957e+09
1.694640245859588385e+09
1.694640245871946573e+09
1.694640245879992962e+09
1.694640245892064095e+09
1.694640245900100946e+09
1.694640245912165642e+09
1.694640245920210838e+09
1.694640245932279110e+09
1.694640245940325022e+09
1.694640245956416607e+09
1.694640245960437536e+09
1.694640245972488642e+09
1.694640245976512194e+09
1.694640245995309114e+09
1.694640245999331951e+09
1.694640245999331951e+09
1.694640245999331951e+09
1.694640246032937765e+09
1.694640246040984392e+09
1.694640246053051949e+09
1.694640246061094999e+09
1.694640246061094999e+09
1.694640246081251621e+09
1.694640246085268974e+09
1.694640246101454020e+09
1.694640246117539644e+09
1.694640246121561527e+09
1.694640246137646914e+09
1.694640246141663790e+09
1.694640246157754898e+09
1.694640246161777496e+09
1.694640246173831701e+09
1.694640246177856207e+09
1.694640246194180965e+09
1.694640246198881149e+09
1.694640246214945078e+09
1.694640246214945078e+09
1.694640246231029987e+09
1.694640246235051394e+09
1.694640246251174927e+09
1.694640246267266273e+09
1.694640246271291018e+09
1.694640246284697294e+09
1.694640246292842865e+09
1.694640246304906130e+09
1.694640246308927536e+09
1.694640246325125456e+09
1.694640246329138041e+09
1.694640246341189623e+09
1.694640246349234343e+09
1.694640246361286402e+09
1.694640246365309000e+09
1.694640246382227898e+09
1.694640246386276722e+09
1.694640246402490854e+09
1.694640246418915987e+09
1.694640246423033237e+09
1.694640246435085535e+09
1.694640246443130016e+09
1.694640246455199718e+09
1.694640246463244200e+09
1.694640246475314617e+09
1.694640246479338646e+09
1.694640246491406441e+09
1.694640246499453545e+09
1.694640246510497332e+09
1.694640246518540859e+09
1.694640246530606985e+09
1.694640246538648367e+09
1.694640246554776430e+09
1.694640246558797836e+09
1.694640246570863962e+09
1.694640246578890324e+09
1.694640246590960741e+09
1.694640246599007130e+09
1.694640246611076832e+09
1.694640246619123697e+09
1.694640246631188631e+09
1.694640246639233828e+09
1.694640246655323029e+09
1.694640246659348011e+09
1.694640246671400785e+09
1.694640246679667473e+09
1.694640246691850901e+09
1.694640246699896574e+09
1.694640246713634968e+09
1.694640246717693806e+09
1.694640246733774185e+09
1.694640246741818666e+09
1.694640246753886938e+09
1.694640246761931896e+09
1.694640246773999691e+09
1.694640246778021812e+09
1.694640246790914297e+09
1.694640246790914297e+09
1.694640246811805010e+09
1.694640246820065737e+09
1.694640246832180023e+09
1.694640246840224028e+09
1.694640246856292725e+09
1.694640246860315323e+09
1.694640246872383118e+09
1.694640246876673937e+09
1.694640246893798351e+09
1.694640246902978659e+09
1.694640246911023378e+09
1.694640246919067144e+09
1.694640246931102991e+09
1.694640246939146280e+09
1.694640246955237627e+09
1.694640246959259748e+09
1.694640246971314192e+09
1.694640246979607582e+09
1.694640246992212534e+09
1.694640247000257969e+09
1.694640247000257969e+09
1.694640247000257969e+09
1.694640247032666683e+09
1.694640247036689520e+09
1.694640247056777716e+09
1.694640247060800076e+09
1.694640247072864771e+09
1.694640247076888084e+09
1.694640247088956833e+09
1.694640247098091841e+09
1.694640247110161543e+09
1.694640247129125595e+09
1.694640247133147240e+09
1.694640247149234295e+09
1.694640247153256655e+09
1.694640247165308952e+09
1.694640247169331789e+09
1.694640247185438633e+09
1.694640247198519707e+09
1.694640247202727556e+09
1.694640247206749678e+09
1.694640247223364830e+09
1.694640247227370501e+09
1.694640247243457079e+09
1.694640247259543896e+09
1.694640247263565302e+09
1.694640247275633574e+09
1.694640247284177780e+09
1.694640247294955730e+09
1.694640247302999735e+09
1.694640247315692902e+09
1.694640247319716215e+09
1.694640247335802555e+09
1.694640247339826584e+09
1.694640247355915546e+09
1.694640247363958120e+09
1.694640247372035265e+09
1.694640247380157232e+09
1.694640247392680168e+09
1.694640247396705151e+09
1.694640247413073778e+09
1.694640247417096615e+09
1.694640247433185101e+09
1.694640247437207699e+09
1.694640247453286886e+09
1.694640247461331844e+09
1.694640247481492281e+09
1.694640247481492281e+09
1.694640247501279116e+09
1.694640247501279116e+09
1.694640247513697863e+09
1.694640247517733335e+09
1.694640247533821583e+09
1.694640247537847042e+09
1.694640247553936481e+09
1.694640247561980009e+09
1.694640247574045897e+09
1.694640247578063965e+09
1.694640247592493534e+09
1.694640247596881151e+09
1.694640247612964392e+09
1.694640247616985321e+09
1.694640247633055210e+09
1.694640247637077332e+09
1.694640247653168201e+09
1.694640247661212444e+09
1.694640247673267841e+09
1.694640247677292347e+09
1.694640247690885067e+09
1.694640247698914528e+09
1.694640247710989475e+09
1.694640247719039917e+09
1.694640247731106043e+09
1.694640247739138603e+09
1.694640247755229950e+09
1.694640247759252071e+09
1.694640247771334887e+09
1.694640247779385805e+09
1.694640247792887211e+09
1.694640247800915480e+09
1.694640247811187029e+09
1.694640247819353819e+09
1.694640247831408501e+09
1.694640247839443684e+09
1.694640247855533123e+09
1.694640247867599964e+09
1.694640247871625662e+09
1.694640247880027294e+09
1.694640247893442392e+09
1.694640247897465467e+09
1.694640247913560867e+09
1.694640247917590857e+09
1.694640247933641195e+09
1.694640247937663794e+09
1.694640247953752756e+09
1.694640247961959600e+09
1.694640247974125147e+09
1.694640247978152037e+09
1.694640247991400003e+09
1.694640247999444723e+09
1.694640247999444723e+09
1.694640247999444723e+09
1.694640248035436153e+09
1.694640248039458513e+09
1.694640248055552244e+09
1.694640248059562683e+09
1.694640248071627855e+09
1.694640248075993538e+09
1.694640248092063904e+09
1.694640248108427048e+09
1.694640248112448215e+09
1.694640248128516674e+09
1.694640248132539511e+09
1.694640248148598433e+09
1.694640248152605057e+09
1.694640248164673090e+09
1.694640248172718287e+09
1.694640248184760571e+09
1.694640248188782692e+09
1.694640248203290224e+09
1.694640248207312107e+09
1.694640248224928379e+09
1.694640248241013288e+09
1.694640248245036125e+09
1.694640248245036125e+09
1.694640248261126280e+09
1.694640248265149832e+09
1.694640248281220675e+09
1.694640248294595003e+09
1.694640248302623749e+09
1.694640248314880371e+09
1.694640248322922945e+09
1.694640248334972143e+09
1.694640248338993788e+09
1.694640248355064154e+09
1.694640248363109350e+09
1.694640248371154547e+09
1.694640248379200220e+09
1.694640248391265392e+09
1.694640248399307728e+09
1.694640248410752296e+09
1.694640248418779373e+09
1.694640248430846214e+09
1.694640248438884497e+09
1.694640248454958677e+09
1.694640248463003159e+09
1.694640248471051455e+09
1.694640248479099751e+09
1.694640248492445946e+09
1.694640248500489950e+09
1.694640248513696909e+09
1.694640248517709970e+09
1.694640248533802032e+09
1.694640248537824154e+09
1.694640248553905725e+09
1.694640248561950684e+09
1.694640248576267958e+09
1.694640248580373049e+09
1.694640248595163822e+09
1.694640248599185228e+09
1.694640248614432335e+09
1.694640248618454933e+09
1.694640248632699013e+09
1.694640248636721611e+09
1.694640248652800798e+09
1.694640248660845041e+09
1.694640248679313183e+09
1.694640248679313183e+09
1.694640248691678047e+09
1.694640248699729681e+09
1.694640248711801052e+09
1.694640248722007036e+09
1.694640248734063625e+09
1.694640248738086224e+09
1.694640248754176140e+09
1.694640248766245365e+09
1.694640248774290562e+09
1.694640248779460669e+09
1.694640248792641401e+09
1.694640248800793409e+09
1.694640248812840939e+09
1.694640248816864491e+09
1.694640248833168030e+09
1.694640248837191820e+09
1.694640248853286266e+09
1.694640248861330986e+09
1.694640248873378992e+09
1.694640248877472162e+09
1.694640248890891552e+09
1.694640248903218031e+09
1.694640248911265850e+09
1.694640248919311762e+09
1.694640248931712151e+09
1.694640248939757347e+09
1.694640248951825380e+09
1.694640248959869623e+09
1.694640248975959063e+09
1.694640248984003782e+09
1.694640248994754553e+09
1.694640248998778343e+09
1.694640248998778343e+09
1.694640248998778343e+09
1.694640249034123182e+09
1.694640249039281130e+09
1.694640249055356026e+09
1.694640249059378386e+09
1.694640249071665049e+09
1.694640249075796843e+09
1.694640249091080666e+09
1.694640249107311487e+09
1.694640249115362644e+09
1.694640249127481699e+09
1.694640249131504297e+09
1.694640249147590160e+09
1.694640249151615381e+09
1.694640249167689085e+09
1.694640249171711683e+09
1.694640249188091278e+09
1.694640249188091278e+09
1.694640249205278873e+09
1.694640249211683273e+09
1.694640249219717264e+09
1.694640249227942944e+09
1.694640249244029284e+09
1.694640249260108709e+09
1.694640249264131784e+09
1.694640249276188374e+09
1.694640249284567356e+09
1.694640249296683788e+09
1.694640249304728270e+09
1.694640249313322544e+09
1.694640249321367979e+09
1.694640249333538771e+09
1.694640249337560654e+09
1.694640249353650331e+09
1.694640249357664347e+09
1.694640249377770185e+09
1.694640249381792068e+09
1.694640249392247200e+09
1.694640249400261164e+09
1.694640249412306786e+09
1.694640249420352936e+09
1.694640249433672428e+09
1.694640249442481518e+09
1.694640249454534531e+09
1.694640249458557367e+09
1.694640249474781275e+09
1.694640249478806973e+09
1.694640249490865231e+09
1.694640249498909235e+09
1.694640249515286684e+09
1.694640249519307852e+09
1.694640249531368017e+09
1.694640249539412498e+09
1.694640249555482388e+09
1.694640249559505463e+09
1.694640249575593948e+09
1.694640249579617262e+09
1.694640249593750715e+09
1.694640249597776651e+09
1.694640249611007452e+09
1.694640249619052649e+09
1.694640249631118774e+09
1.694640249639163733e+09
1.694640249652132750e+09
1.694640249660239697e+09
1.694640249676319361e+09
1.694640249680341721e+09
1.694640249692439556e+09
1.694640249696460962e+09
1.694640249712844610e+09
1.694640249716863632e+09
1.694640249732950926e+09
1.694640249741080523e+09
1.694640249753147125e+09
1.694640249757168770e+09
1.694640249773257971e+09
1.694640249777266026e+09
1.694640249793529987e+09
1.694640249797551632e+09
1.694640249813951015e+09
1.694640249817975760e+09
1.694640249834048271e+09
1.694640249838064671e+09
1.694640249854161501e+09
1.694640249858183622e+09
1.694640249874269247e+09
1.694640249878333330e+09
1.694640249890399456e+09
1.694640249899679661e+09
1.694640249911748409e+09
1.694640249919792175e+09
1.694640249932945490e+09
1.694640249940991163e+09
1.694640249953057766e+09
1.694640249957080603e+09
1.694640249973357201e+09
1.694640249977380276e+09
1.694640249992393494e+09
1.694640249996417284e+09
1.694640249996417284e+09
1.694640249996417284e+09
1.694640250032693624e+09
1.694640250036717176e+09
1.694640250054168463e+09
1.694640250058190823e+09
1.694640250058190823e+09
1.694640250082326412e+09
1.694640250098400116e+09
1.694640250102423429e+09
1.694640250118885279e+09
1.694640250122907400e+09
1.694640250134973049e+09
1.694640250143016338e+09
1.694640250155084372e+09
1.694640250159108639e+09
1.694640250175522327e+09
1.694640250179544926e+09
1.694640250196439266e+09
1.694640250196439266e+09
1.694640250212528467e+09
1.694640250228601933e+09
1.694640250236645937e+09
1.694640250248710632e+09
1.694640250252732038e+09
1.694640250268822908e+09
1.694640250272845030e+09
1.694640250290519953e+09
1.694640250294673443e+09
1.694640250307390451e+09
1.694640250311414242e+09
1.694640250323479176e+09
1.694640250327502251e+09
1.694640250343578100e+09
1.694640250347598553e+09
1.694640250363667488e+09
1.694640250367690563e+09
1.694640250383777380e+09
1.694640250387788057e+09
1.694640250401582479e+09
1.694640250417664051e+09
1.694640250421688080e+09
1.694640250438085794e+09
1.694640250442102671e+09
1.694640250454157829e+09
1.694640250462193966e+09
1.694640250474241495e+09
1.694640250478264093e+09
1.694640250491937160e+09
1.694640250499978781e+09
1.694640250512463331e+09
1.694640250520506859e+09
1.694640250532571077e+09
1.694640250540615320e+09
1.694640250552669287e+09
1.694640250560719490e+09
1.694640250576808691e+09
1.694640250576808691e+09
1.694640250595949411e+09
1.694640250599971771e+09
1.694640250612318039e+09
1.694640250620350122e+09
1.694640250635520220e+09
1.694640250639541149e+09
1.694640250651593685e+09
1.694640250659638643e+09
1.694640250671688795e+09
1.694640250679733038e+09
1.694640250693111181e+09
1.694640250697135687e+09
1.694640250710512400e+09
1.694640250718613863e+09
1.694640250733290911e+09
1.694640250737313032e+09
1.694640250753402710e+09
1.694640250757427454e+09
1.694640250773524046e+09
1.694640250781569242e+09
1.694640250793641329e+09
1.694640250797663927e+09
1.694640250813736677e+09
1.694640250817759514e+09
1.694640250831657410e+09
1.694640250839818478e+09
1.694640250851891041e+09
1.694640250859933615e+09
1.694640250872000933e+09
1.694640250872000933e+09
1.694640250872000933e+09
1.694640250872000933e+09
1.694640250872000933e+09
1.694640250872000933e+09
1.694640250933655500e+09
1.694640250937664032e+09
1.694640250954536676e+09
1.694640250958558798e+09
1.694640250974647522e+09
1.694640250978683472e+09
1.694640250990757942e+09
1.694640250998802900e+09
1.694640250998802900e+09
1.694640250998802900e+09
1.694640251035004139e+09
1.694640251040413380e+09
1.694640251052463293e+09
1.694640251056487083e+09
1.694640251072557926e+09
1.694640251088647604e+09
1.694640251096692085e+09
1.694640251108760595e+09
1.694640251112782717e+09
1.694640251128865957e+09
1.694640251132888079e+09
1.694640251144956112e+09
1.694640251153000832e+09
1.694640251165050507e+09
1.694640251169073820e+09
1.694640251185168743e+09
1.694640251189189911e+09
1.694640251202515364e+09
1.694640251206537485e+09
1.694640251224537134e+09
1.694640251224537134e+09
1.694640251241721869e+09
1.694640251245741367e+09
1.694640251261829615e+09
1.694640251277911186e+09
1.694640251285956621e+09
1.694640251298017502e+09
1.694640251302040339e+09
1.694640251315277100e+09
1.694640251319298506e+09
1.694640251335388422e+09
1.694640251339409351e+09
1.694640251355511665e+09
1.694640251359532595e+09
1.694640251375724077e+09
1.694640251379746914e+09
1.694640251391781569e+09
1.694640251399819136e+09
1.694640251411871433e+09
1.694640251419907570e+09
1.694640251431972742e+09
1.694640251437304497e+09
1.694640251453398705e+09
1.694640251461442709e+09
1.694640251473509073e+09
1.694640251481554031e+09
1.694640251493697405e+09
1.694640251497719765e+09
1.694640251513803959e+09
1.694640251517829657e+09
1.694640251533916950e+09
1.694640251537938118e+09
1.694640251554165840e+09
1.694640251558187962e+09
1.694640251558187962e+09
1.694640251558187962e+09
1.694640251558187962e+09
1.694640251558187962e+09
1.694640251617376328e+09
1.694640251621397495e+09
1.694640251633466959e+09
1.694640251637488842e+09
1.694640251653568268e+09
1.694640251657590628e+09
1.694640251673705339e+09
1.694640251681751013e+09
1.694640251693820715e+09
1.694640251697848082e+09
1.694640251713935137e+09
1.694640251717956305e+09
1.694640251734047890e+09
1.694640251742086649e+09
1.694640251754195452e+09
1.694640251758217573e+09
1.694640251770284891e+09
1.694640251778332949e+09
1.694640251793159485e+09
1.694640251797182083e+09
1.694640251813463449e+09
1.694640251817481756e+09
1.694640251833684444e+09
1.694640251838459730e+09
1.694640251854513645e+09
1.694640251858536005e+09
1.694640251874626398e+09
1.694640251878648758e+09
1.694640251894874334e+09
1.694640251899675846e+09
1.694640251914112091e+09
1.694640251919684172e+09
1.694640251932464123e+09
1.694640251940508366e+09
1.694640251952577829e+09
1.694640251960621834e+09
1.694640251976693153e+09
1.694640251980715513e+09
1.694640251993809700e+09
1.694640252001891613e+09
1.694640252001891613e+09
1.694640252001891613e+09
1.694640252035382032e+09
1.694640252039401293e+09
1.694640252051450014e+09
1.694640252055472851e+09
1.694640252072312117e+09
1.694640252072312117e+09
1.694640252072312117e+09
1.694640252072312117e+09
1.694640252072312117e+09
1.694640252128064871e+09
1.694640252132088423e+09
1.694640252148177862e+09
1.694640252152200460e+09
1.694640252168289661e+09
1.694640252172311783e+09
1.694640252184378862e+09
1.694640252192423820e+09
1.694640252204490900e+09
1.694640252208513021e+09
1.694640252224604607e+09
1.694640252240694284e+09
1.694640252244715452e+09
1.694640252260803223e+09
1.694640252264994144e+09
1.694640252277062178e+09
1.694640252285107613e+09
1.694640252295410872e+09
1.694640252303441525e+09
1.694640252315646648e+09
1.694640252319663763e+09
1.694640252335749865e+09
1.694640252341274023e+09
1.694640252353341818e+09
1.694640252357364893e+09
1.694640252373630047e+09
1.694640252377645731e+09
1.694640252394759417e+09
1.694640252398781300e+09
1.694640252414864302e+09
1.694640252418885708e+09
1.694640252430951357e+09
1.694640252438979626e+09
1.694640252451046228e+09
1.694640252459091187e+09
1.694640252471157789e+09
1.694640252479203701e+09
1.694640252491264820e+09
1.694640252499308109e+09
1.694640252512207270e+09
1.694640252520255566e+09
1.694640252532332659e+09
1.694640252540378332e+09
1.694640252552447796e+09
1.694640252560487032e+09
1.694640252572541714e+09
1.694640252580586195e+09
1.694640252595320940e+09
1.694640252601062536e+09
1.694640252613129377e+09
1.694640252617152691e+09
1.694640252633222342e+09
1.694640252637683630e+09
1.694640252653738737e+09
1.694640252661777735e+09
1.694640252673844337e+09
1.694640252681884766e+09
1.694640252693952084e+09
1.694640252697973251e+09
1.694640252714282513e+09
1.694640252718304157e+09
1.694640252732474566e+09
1.694640252741683006e+09
1.694640252755719423e+09
1.694640252759741783e+09
1.694640252775832415e+09
1.694640252779968977e+09
1.694640252792304993e+09
1.694640252798270941e+09
1.694640252810394287e+09
1.694640252818437815e+09
1.694640252834522247e+09
1.694640252839277983e+09
1.694640252851864815e+09
1.694640252859909773e+09
1.694640252872180462e+09
1.694640252880225658e+09
1.694640252896359444e+09
1.694640252900382280e+09
1.694640252914228439e+09
1.694640252918256283e+09
1.694640252932190657e+09
1.694640252940230131e+09
1.694640252952417374e+09
1.694640252960463524e+09
1.694640252972651482e+09
1.694640252980686903e+09
1.694640252994742870e+09
1.694640253002888680e+09
1.694640253002888680e+09
1.694640253002888680e+09
1.694640253035092354e+09
1.694640253039116383e+09
1.694640253055198193e+09
1.694640253059219599e+09
1.694640253071285725e+09
1.694640253079330444e+09
1.694640253091459513e+09
1.694640253107561588e+09
1.694640253115607023e+09
1.694640253127658129e+09
1.694640253131663561e+09
1.694640253147739410e+09
1.694640253155966282e+09
1.694640253164010763e+09
1.694640253172057390e+09
1.694640253185415506e+09
1.694640253189436913e+09
1.694640253201587439e+09
1.694640253209632158e+09
1.694640253221691132e+09
1.694640253238894939e+09
1.694640253246937037e+09
1.694640253259002924e+09
1.694640253263032198e+09
1.694640253279124260e+09
1.694640253283146858e+09
1.694640253297546625e+09
1.694640253301571131e+09
1.694640253313642979e+09
1.694640253321688414e+09
1.694640253333753347e+09
1.694640253337775707e+09
1.694640253353862286e+09
1.694640253357882977e+09
1.694640253373965502e+09
1.694640253377982140e+09
1.694640253394064426e+09
1.694640253398086786e+09
1.694640253414176464e+09
1.694640253418199301e+09
1.694640253434292078e+09
1.694640253438314199e+09
1.694640253454402447e+09
1.694640253458425283e+09
1.694640253475081205e+09
1.694640253479103327e+09
1.694640253491171122e+09
1.694640253499263763e+09
1.694640253511330605e+09
1.694640253519377232e+09
1.694640253531447887e+09
1.694640253539491653e+09
1.694640253555583715e+09
1.694640253559603453e+09
1.694640253571879625e+09
1.694640253579925776e+09
1.694640253591994286e+09
1.694640253600029230e+09
1.694640253612084627e+09
1.694640253620110989e+09
1.694640253632177830e+09
1.694640253640220642e+09
1.694640253652287245e+09
1.694640253660331726e+09
1.694640253672398806e+09
1.694640253680451393e+09
1.694640253692509413e+09
1.694640253700555563e+09
1.694640253712828636e+09
1.694640253716850519e+09
1.694640253733160257e+09
1.694640253737182140e+09
1.694640253757285833e+09
1.694640253757285833e+09
1.694640253773379326e+09
1.694640253781424284e+09
1.694640253793488741e+09
1.694640253798710585e+09
1.694640253814801693e+09
1.694640253818822861e+09
1.694640253830886602e+09
1.694640253838913679e+09
1.694640253854994059e+09
1.694640253859016657e+09
1.694640253875106812e+09
1.694640253879129887e+09
1.694640253891185284e+09
1.694640253900810957e+09
1.694640253912864923e+09
1.694640253916886568e+09
1.694640253934076309e+09
1.694640253938097954e+09
1.694640253954188585e+09
1.694640253958209753e+09
1.694640253974305868e+09
1.694640253982350588e+09
1.694640253993601084e+09
1.694640253997623205e+09
1.694640253997623205e+09
1.694640253997623205e+09
1.694640254033807278e+09
1.694640254037814140e+09
1.694640254053874731e+09
1.694640254065939188e+09
1.694640254065939188e+09
1.694640254082031488e+09
1.694640254086053371e+09
1.694640254103231907e+09
1.694640254119289398e+09
1.694640254123310804e+09
1.694640254135373116e+09
1.694640254143424749e+09
1.694640254155652046e+09
1.694640254159671783e+09
1.694640254175745487e+09
1.694640254179767847e+09
1.694640254195844650e+09
1.694640254199865103e+09
1.694640254212088823e+09
1.694640254216109991e+09
1.694640254232197762e+09
1.694640254236218929e+09
1.694640254252500534e+09
1.694640254256524086e+09
1.694640254273741722e+09
1.694640254292762995e+09
1.694640254292762995e+09
1.694640254305992126e+09
1.694640254310013771e+09
1.694640254326091051e+09
1.694640254330112457e+09
1.694640254342177391e+09
1.694640254350203991e+09
1.694640254362267494e+09
1.694640254366288662e+09
1.694640254382378340e+09
1.694640254386400461e+09
1.694640254402493477e+09
1.694640254418600559e+09
1.694640254422623873e+09
1.694640254439275265e+09
1.694640254443297863e+09
1.694640254459388971e+09
1.694640254459388971e+09
1.694640254475465298e+09
1.694640254479488134e+09
1.694640254492896318e+09
1.694640254500950336e+09
1.694640254513004303e+09
1.694640254517022848e+09
1.694640254533665657e+09
1.694640254541713476e+09
1.694640254553784370e+09
1.694640254557806253e+09
1.694640254573895216e+09
1.694640254577918053e+09
1.694640254595355511e+09
1.694640254599376917e+09
1.694640254611444950e+09
1.694640254619487286e+09
1.694640254631556273e+09
1.694640254639585495e+09
1.694640254651622295e+09
1.694640254659664392e+09
1.694640254671730757e+09
1.694640254679776430e+09
1.694640254691844225e+09
1.694640254699887037e+09
1.694640254711943388e+09
1.694640254719985485e+09
1.694640254732042551e+09
1.694640254740084887e+09
1.694640254752131462e+09
1.694640254760175467e+09
1.694640254772242069e+09
1.694640254780286789e+09
1.694640254792800903e+09
1.694640254800843716e+09
1.694640254812907457e+09
1.694640254820952177e+09
1.694640254833021641e+09
1.694640254837045431e+09
1.694640254853798389e+09
1.694640254857823610e+09
1.694640254873946667e+09
1.694640254877966404e+09
1.694640254896640062e+09
1.694640254900645733e+09
1.694640254912713289e+09
1.694640254916734695e+09
1.694640254932969093e+09
1.694640254936991692e+09
1.694640254953310251e+09
1.694640254957333088e+09
1.694640254977446556e+09
1.694640254981468916e+09
1.694640254993525505e+09
1.694640254997549057e+09
1.694640254997549057e+09
1.694640254997549057e+09
1.694640255032749891e+09
1.694640255036771297e+09
1.694640255053067923e+09
1.694640255057090044e+09
1.694640255073371887e+09
1.694640255077394724e+09
1.694640255090188742e+09
1.694640255098232269e+09
1.694640255114319563e+09
1.694640255126377106e+09
1.694640255134408474e+09
1.694640255146465302e+09
1.694640255150488615e+09
1.694640255166578054e+09
1.694640255170600891e+09
1.694640255186707258e+09
1.694640255190729618e+09
1.694640255202796221e+09
1.694640255208606720e+09
1.694640255220670223e+09
1.694640255228703022e+09
1.694640255244788885e+09
1.694640255260863781e+09
1.694640255264885426e+09
1.694640255280959845e+09
1.694640255284982204e+09
1.694640255297212839e+09
1.694640255302183390e+09
1.694640255314251423e+09
1.694640255322297812e+09
1.694640255334346294e+09
1.694640255338367462e+09
1.694640255354456186e+09
1.694640255366510153e+09
1.694640255374554873e+09
1.694640255378577709e+09
1.694640255394664526e+09
1.694640255402686596e+09
1.694640255414750814e+09
1.694640255418772936e+09
1.694640255430839062e+09
1.694640255438885450e+09
1.694640255450955391e+09
1.694640255459002495e+09
1.694640255475091219e+09
1.694640255479114294e+09
1.694640255495191574e+09
1.694640255499214172e+09
1.694640255511266232e+09
1.694640255519312620e+09
1.694640255531380177e+09
1.694640255539422512e+09
1.694640255555510283e+09
1.694640255559531927e+09
1.694640255571599722e+09
1.694640255579643011e+09
1.694640255591712475e+09
1.694640255599760532e+09
1.694640255611818552e+09
1.694640255619860649e+09
1.694640255631926060e+09
1.694640255639969349e+09
1.694640255652035713e+09
1.694640255660064220e+09
1.694640255676158905e+09
1.694640255680181026e+09
1.694640255692247391e+09
1.694640255700290918e+09
1.694640255712445498e+09
1.694640255717809439e+09
1.694640255733896255e+09
1.694640255737900734e+09
1.694640255753993034e+09
1.694640255757993221e+09
1.694640255774079323e+09
1.694640255782124043e+09
1.694640255794181108e+09
1.694640255798202515e+09
1.694640255814290285e+09
1.694640255818319559e+09
1.694640255834407330e+09
1.694640255838431120e+09
1.694640255850487232e+09
1.694640255858512640e+09
1.694640255874602795e+09
1.694640255878625631e+09
1.694640255894711971e+09
1.694640255898733139e+09
1.694640255912127733e+09
1.694640255920156956e+09
1.694640255932447672e+09
1.694640255942006350e+09
1.694640255954063892e+09
1.694640255962108374e+09
1.694640255974175453e+09
1.694640255978198051e+09
1.694640255995191097e+09
1.694640255999213219e+09
1.694640255999213219e+09
1.694640255999213219e+09
1.694640256035490751e+09
1.694640256039513350e+09
1.694640256051581144e+09
1.694640256059626341e+09
1.694640256071686983e+09
1.694640256075709820e+09
1.694640256091800928e+09
1.694640256108222008e+09
1.694640256113137245e+09
1.694640256126090527e+09
1.694640256134134293e+09
1.694640256146204710e+09
1.694640256150226831e+09
1.694640256166315556e+09
1.694640256170338631e+09
1.694640256186424494e+09
1.694640256190448046e+09
1.694640256202542305e+09
1.694640256206564903e+09
1.694640256222625971e+09
1.694640256238710880e+09
1.694640256246823311e+09
1.694640256258865595e+09
1.694640256266910791e+09
1.694640256278978348e+09
1.694640256283000946e+09
1.694640256299089193e+09
1.694640256303679705e+09
1.694640256315752506e+09
1.694640256319773674e+09
1.694640256335866690e+09
1.694640256339889526e+09
1.694640256351958990e+09
1.694640256360002518e+09
1.694640256372063875e+09
1.694640256380108595e+09
1.694640256392990112e+09
1.694640256401037216e+09
1.694640256411063433e+09
1.694640256419109344e+09
1.694640256431342125e+09
1.694640256439387560e+09
1.694640256453678846e+09
1.694640256461724997e+09
1.694640256473784924e+09
1.694640256477911472e+09
1.694640256493994474e+09
1.694640256498018980e+09
1.694640256512082338e+09
1.694640256520128012e+09
1.694640256532198429e+09
1.694640256540243149e+09
1.694640256552309275e+09
1.694640256560354233e+09
1.694640256573194981e+09
1.694640256581238747e+09
1.694640256593287945e+09
1.694640256597309589e+09
1.694640256610999346e+09
1.694640256619041204e+09
1.694640256631089449e+09
1.694640256643251896e+09
1.694640256651288748e+09
1.694640256659335375e+09
1.694640256671401739e+09
1.694640256679446459e+09
1.694640256691516161e+09
1.694640256699559689e+09
1.694640256711625338e+09
1.694640256719663382e+09
1.694640256731716394e+09
1.694640256747780561e+09
1.694640256751803160e+09
1.694640256759846926e+09
1.694640256771914721e+09
1.694640256779961348e+09
1.694640256792029142e+09
1.694640256800063610e+09
1.694640256812130213e+09
1.694640256820176601e+09
1.694640256832241774e+09
1.694640256840281248e+09
1.694640256852344275e+09
1.694640256860387802e+09
1.694640256872453928e+09
1.694640256880486965e+09
1.694640256892556429e+09
1.694640256900600195e+09
1.694640256912863970e+09
1.694640256918081760e+09
1.694640256930871010e+09
1.694640256938942671e+09
1.694640256951014996e+09
1.694640256959368944e+09
1.694640256971438646e+09
1.694640256979483843e+09
1.694640256996097088e+09
1.694640257000605106e+09
1.694640257000605106e+09
1.694640257000605106e+09
1.694640257033598661e+09
1.694640257037620068e+09
1.694640257053710461e+09
1.694640257057734728e+09
1.694640257073827267e+09
1.694640257077854395e+09
1.694640257089930058e+09
1.694640257097974539e+09
1.694640257114663601e+09
1.694640257126732111e+09
1.694640257135043144e+09
1.694640257147110701e+09
1.694640257151129246e+09
1.694640257167222738e+09
1.694640257171244860e+09
1.694640257189963579e+09
1.694640257189963579e+09
1.694640257202034473e+09
1.694640257210064888e+09
1.694640257222129107e+09
1.694640257226151466e+09
1.694640257243154049e+09
1.694640257247176409e+09
1.694640257263264179e+09
1.694640257279355049e+09
1.694640257283377647e+09
1.694640257299465895e+09
1.694640257303488731e+09
1.694640257315557957e+09
1.694640257319581270e+09
1.694640257335666418e+09
1.694640257339688778e+09
1.694640257351755619e+09
1.694640257359781742e+09
1.694640257372063875e+09
1.694640257380109310e+09
1.694640257392177582e+09
1.694640257400221348e+09
1.694640257412762403e+09
1.694640257416784525e+09
1.694640257433179379e+09
1.694640257437204599e+09
1.694640257453287840e+09
1.694640257457309484e+09
1.694640257473400354e+09
1.694640257477422953e+09
1.694640257495225430e+09
1.694640257499242783e+09
1.694640257511313200e+09
1.694640257519356012e+09
1.694640257531405687e+09
1.694640257539452314e+09
1.694640257555543423e+09
1.694640257559565544e+09
1.694640257571632385e+09
1.694640257579664230e+09
1.694640257591732264e+09
1.694640257599775791e+09
1.694640257611841202e+09
1.694640257619884729e+09
1.694640257633666039e+09
1.694640257637688160e+09
1.694640257653765678e+09
1.694640257657778263e+09
1.694640257673868418e+09
1.694640257677890778e+09
1.694640257690837383e+09
1.694640257699101686e+09
1.694640257711152792e+09
1.694640257719199419e+09
1.694640257731264114e+09
1.694640257739308596e+09
1.694640257751376629e+09
1.694640257759420395e+09
1.694640257771487236e+09
1.694640257779547930e+09
1.694640257791625023e+09
1.694640257800820589e+09
1.694640257813942671e+09
1.694640257817966938e+09
1.694640257831324339e+09
1.694640257839351177e+09
1.694640257851622820e+09
1.694640257859698296e+09
1.694640257871764421e+09
1.694640257879809618e+09
1.694640257891876698e+09
1.694640257899916649e+09
1.694640257911986113e+09
1.694640257920028925e+09
1.694640257932063818e+09
1.694640257940106630e+09
1.694640257952166080e+09
1.694640257960211992e+09
1.694640257972267389e+09
1.694640257980311632e+09
1.694640257993665218e+09
1.694640257997686386e+09
1.694640257997686386e+09
1.694640257997686386e+09
1.694640258033992290e+09
1.694640258038004637e+09
1.694640258038004637e+09
1.694640258066134930e+09
1.694640258066134930e+09
1.694640258086977005e+09
1.694640258099022865e+09
1.694640258103046894e+09
1.694640258119200230e+09
1.694640258123223305e+09
1.694640258135286331e+09
1.694640258143332720e+09
1.694640258155401945e+09
1.694640258159424305e+09
1.694640258175516844e+09
1.694640258179538965e+09
1.694640258195630789e+09
1.694640258199652910e+09
1.694640258211689711e+09
1.694640258215712070e+09
1.694640258231785059e+09
1.694640258235807419e+09
1.694640258251869678e+09
1.694640258267944336e+09
1.694640258273983002e+09
1.694640258290064096e+09
1.694640258294085264e+09
1.694640258307176352e+09
1.694640258311197042e+09
1.694640258323254585e+09
1.694640258331294298e+09
1.694640258343358755e+09
1.694640258355426073e+09
1.694640258363471746e+09
1.694640258367494345e+09
1.694640258379562378e+09
1.694640258387608767e+09
1.694640258403699875e+09
1.694640258419840097e+09
1.694640258423862457e+09
1.694640258435934544e+09
1.694640258439957619e+09
1.694640258456047058e+09
1.694640258460064411e+09
1.694640258476155043e+09
1.694640258480177402e+09
1.694640258493742466e+09
1.694640258501833200e+09
1.694640258513914824e+09
1.694640258517927408e+09
1.694640258538884401e+09
1.694640258538884401e+09
1.694640258552071571e+09
1.694640258560851574e+09
1.694640258572920561e+09
1.694640258580955029e+09
1.694640258593265533e+09
1.694640258601309776e+09
1.694640258613362551e+09
1.694640258617372513e+09
1.694640258633460522e+09
1.694640258637482166e+09
1.694640258653582811e+09
1.694640258657605171e+09
1.694640258673685789e+09
1.694640258682316065e+09
1.694640258692460060e+09
1.694640258700489521e+09
1.694640258712557554e+09
1.694640258720603943e+09
1.694640258732670307e+09
1.694640258740707159e+09
1.694640258754085064e+09
1.694640258758106232e+09
1.694640258774164915e+09
1.694640258778187037e+09
1.694640258794275999e+09
1.694640258798296928e+09
1.694640258814362764e+09
1.694640258818380356e+09
1.694640258830444813e+09
1.694640258838487625e+09
1.694640258854570389e+09
1.694640258858592749e+09
1.694640258874684334e+09
1.694640258878706694e+09
1.694640258894796371e+09
1.694640258898820400e+09
1.694640258910887957e+09
1.694640258918932438e+09
1.694640258930998802e+09
1.694640258939041615e+09
1.694640258955112934e+09
1.694640258959135056e+09
1.694640258971187830e+09
1.694640258979232788e+09
1.694640258995726824e+09
1.694640259003751516e+09
1.694640259003751516e+09
1.694640259003751516e+09
1.694640259036225319e+09
1.694640259040246248e+09
1.694640259052409887e+09
1.694640259056436539e+09
1.694640259072515011e+09
1.694640259076537132e+09
1.694640259092625618e+09
1.694640259096647978e+09
1.694640259113599777e+09
1.694640259129687309e+09
1.694640259133710146e+09
1.694640259145780087e+09
1.694640259149802923e+09
1.694640259169959068e+09
1.694640259169959068e+09
1.694640259186056614e+09
1.694640259191317320e+09
1.694640259203385592e+09
1.694640259207595110e+09
1.694640259220205545e+09
1.694640259228249073e+09
1.694640259244546175e+09
1.694640259260631561e+09
1.694640259264653921e+09
1.694640259280742884e+09
1.694640259284765482e+09
1.694640259296831608e+09
1.694640259301324844e+09
1.694640259317412138e+09
1.694640259321433306e+09
1.694640259334353209e+09
1.694640259338375568e+09
1.694640259354467154e+09
1.694640259358489990e+09
1.694640259374581099e+09
1.694640259379184008e+09
1.694640259395263910e+09
1.694640259399285078e+09
1.694640259411332369e+09
1.694640259419375896e+09
1.694640259431439638e+09
1.694640259439484358e+09
1.694640259451933622e+09
1.694640259459979534e+09
1.694640259472044706e+09
1.694640259480086565e+09
1.694640259496173382e+09
1.694640259500296593e+09
1.694640259512362003e+09
1.694640259520405769e+09
1.694640259532517910e+09
1.694640259540559053e+09
1.694640259552628279e+09
1.694640259560671806e+09
1.694640259572742224e+09
1.694640259580790043e+09
1.694640259594464779e+09
1.694640259602499723e+09
1.694640259615246058e+09
1.694640259619268656e+09
1.694640259631333828e+09
1.694640259639376640e+09
1.694640259651443958e+09
1.694640259659485817e+09
1.694640259671554089e+09
1.694640259679597855e+09
1.694640259696071863e+09
1.694640259704109430e+09
1.694640259712405443e+09
1.694640259720450878e+09
1.694640259732511044e+09
1.694640259740557194e+09
1.694640259752628565e+09
1.694640259760949612e+09
1.694640259773017406e+09
1.694640259777040005e+09
1.694640259793140411e+09
1.694640259797522306e+09
1.694640259814020395e+09
1.694640259818031073e+09
1.694640259834090471e+09
1.694640259843655348e+09
1.694640259851697922e+09
1.694640259859741926e+09
1.694640259871809483e+09
1.694640259879854679e+09
1.694640259891920805e+09
1.694640259899965286e+09
1.694640259912032366e+09
1.694640259920066118e+09
1.694640259932208776e+09
1.694640259940255880e+09
1.694640259952322960e+09
1.694640259960367918e+09
1.694640259972436190e+09
1.694640259980466366e+09
1.694640259997263432e+09
1.694640260001285791e+09
1.694640260001285791e+09
1.694640260001285791e+09
1.694640260034328699e+09
1.694640260038334608e+09
1.694640260052086592e+09
1.694640260056109428e+09
1.694640260072195768e+09
1.694640260080241203e+09
1.694640260099606276e+09
1.694640260099606276e+09
1.694640260111693859e+09
1.694640260127780199e+09
1.694640260131803036e+09
1.694640260147877216e+09
1.694640260151904583e+09
1.694640260168000460e+09
1.694640260172015905e+09
1.694640260184065819e+09
1.694640260193270922e+09
1.694640260205338478e+09
1.694640260209361792e+09
1.694640260221415997e+09
1.694640260225437164e+09
1.694640260241696119e+09
1.694640260258291245e+09
1.694640260266680717e+09
1.694640260278853416e+09
1.694640260282865524e+09
1.694640260299124002e+09
1.694640260303172827e+09
1.694640260315374136e+09
1.694640260319395542e+09
1.694640260335502625e+09
1.694640260339529753e+09
1.694640260355584860e+09
1.694640260359597683e+09
1.694640260371668577e+09
1.694640260379713535e+09
1.694640260391779423e+09
1.694640260400705814e+09
1.694640260413137674e+09
1.694640260421170950e+09
1.694640260433238506e+09
1.694640260441264391e+09
1.694640260453330994e+09
1.694640260457353592e+09
1.694640260473442793e+09
1.694640260477461338e+09
1.694640260492647409e+09
1.694640260497127056e+09
1.694640260510493279e+09
1.694640260519009352e+09
1.694640260531734705e+09
1.694640260539777756e+09
1.694640260551843882e+09
1.694640260559864283e+09
1.694640260571932554e+09
1.694640260579975367e+09
1.694640260596095800e+09
1.694640260600257397e+09
1.694640260612304211e+09
1.694640260620349169e+09
1.694640260633754253e+09
1.694640260637776136e+09
1.694640260653848171e+09
1.694640260657869577e+09
1.694640260673956871e+09
1.694640260678072929e+09
1.694640260694162607e+09
1.694640260698237181e+09
1.694640260714328289e+09
1.694640260718608856e+09
1.694640260734710217e+09
1.694640260738727570e+09
1.694640260754818678e+09
1.694640260758841753e+09
1.694640260770909071e+09
1.694640260778947830e+09
1.694640260795017719e+09
1.694640260799044609e+09
1.694640260815134287e+09
1.694640260819146156e+09
1.694640260831214190e+09
1.694640260839260101e+09
1.694640260851308584e+09
1.694640260859354258e+09
1.694640260871422768e+09
1.694640260879467249e+09
1.694640260895563126e+09
1.694640260903611422e+09
1.694640260911655664e+09
1.694640260919976473e+09
1.694640260932043552e+09
1.694640260940963507e+09
1.694640260953019381e+09
1.694640260957040548e+09
1.694640260973130941e+09
1.694640260981181383e+09
1.694640260996032715e+09
1.694640261000054836e+09
1.694640261000054836e+09
1.694640261000054836e+09
1.694640261033010244e+09
1.694640261037067890e+09
1.694640261053366661e+09
1.694640261057375193e+09
1.694640261073462725e+09
1.694640261077485323e+09
1.694640261089555740e+09
1.694640261097748756e+09
1.694640261113885880e+09
1.694640261130023956e+09
1.694640261134046555e+09
1.694640261146112204e+09
1.694640261150134563e+09
1.694640261166223764e+09
1.694640261170246124e+09
1.694640261186336517e+09
1.694640261191790819e+09
1.694640261207880974e+09
1.694640261207880974e+09
1.694640261219950199e+09
1.694640261227995872e+09
1.694640261244090319e+09
1.694640261260187387e+09
1.694640261264210224e+09
1.694640261280378103e+09
1.694640261284400463e+09
1.694640261296795845e+09
1.694640261304852724e+09
1.694640261316890240e+09
1.694640261320911884e+09
1.694640261332976103e+09
1.694640261341018915e+09
1.694640261353087187e+09
1.694640261357100010e+09
1.694640261373189926e+09
1.694640261377204895e+09
1.694640261394712687e+09
1.694640261398738384e+09
1.694640261414828062e+09
1.694640261418850422e+09
1.694640261434931755e+09
1.694640261438952684e+09
1.694640261451018810e+09
1.694640261459062815e+09
1.694640261471113682e+09
1.694640261479158878e+09
1.694640261494930744e+09
1.694640261498953104e+09
1.694640261511260986e+09
1.694640261519284964e+09
1.694640261535375357e+09
1.694640261539396286e+09
1.694640261555483341e+09
1.694640261559488535e+09
1.694640261571556091e+09
1.694640261579600811e+09
1.694640261591666937e+09
1.694640261599710941e+09
1.694640261611774921e+09
1.694640261619817972e+09
1.694640261631881714e+09
1.694640261639924049e+09
1.694640261651992798e+09
1.694640261660037518e+09
1.694640261672089577e+09
1.694640261680782080e+09
1.694640261692851782e+09
1.694640261700885773e+09
1.694640261712986231e+09
1.694640261717007160e+09
1.694640261733094215e+09
1.694640261741141558e+09
1.694640261754659176e+09
1.694640261758674860e+09
1.694640261774791241e+09
1.694640261778813362e+09
1.694640261790864944e+09
1.694640261800780535e+09
1.694640261814249277e+09
1.694640261818272352e+09
1.694640261834362745e+09
1.694640261838385105e+09
1.694640261854464054e+09
1.694640261858486891e+09
1.694640261874574900e+09
1.694640261878597498e+09
1.694640261895301342e+09
1.694640261903329849e+09
1.694640261911375046e+09
1.694640261919420481e+09
1.694640261931488991e+09
1.694640261939531326e+09
1.694640261955605030e+09
1.694640261959627390e+09
1.694640261971688271e+09
1.694640261979735136e+09
1.694640261995801210e+09
1.694640262003843307e+09
1.694640262003843307e+09
1.694640262003843307e+09
1.694640262036021709e+09
1.694640262040044308e+09
1.694640262052109480e+09
1.694640262056133986e+09
1.694640262080266953e+09
1.694640262084291697e+09
1.694640262100357771e+09
1.694640262104380131e+09
1.694640262120459080e+09
1.694640262124470711e+09
1.694640262136536121e+09
1.694640262140557766e+09
1.694640262157546282e+09
1.694640262161567926e+09
1.694640262173634768e+09
1.694640262177658558e+09
1.694640262195287704e+09
1.694640262199867964e+09
1.694640262211917400e+09
1.694640262215940952e+09
1.694640262232017279e+09
1.694640262236039877e+09
1.694640262252131939e+09
1.694640262268205404e+09
1.694640262272223949e+09
1.694640262288379431e+09
1.694640262296775103e+09
1.694640262308842659e+09
1.694640262312864304e+09
1.694640262324932575e+09
1.694640262328955173e+09
1.694640262345046282e+09
1.694640262349069357e+09
1.694640262361119986e+09
1.694640262369165659e+09
1.694640262381232977e+09
1.694640262385256290e+09
1.694640262402255297e+09
1.694640262418348312e+09
1.694640262422371626e+09
1.694640262438446045e+09
1.694640262442464590e+09
1.694640262454532623e+09
1.694640262462577343e+09
1.694640262474645138e+09
1.694640262478667259e+09
1.694640262494771004e+09
1.694640262502809525e+09
1.694640262514864206e+09
1.694640262519703627e+09
1.694640262531770945e+09
1.694640262539816618e+09
1.694640262547861814e+09
1.694640262563960075e+09
1.694640262567982435e+09
1.694640262584065676e+09
1.694640262589004993e+09
1.694640262602324963e+09
1.694640262610358238e+09
1.694640262622422695e+09
1.694640262626446009e+09
1.694640262642908335e+09
1.694640262646930456e+09
1.694640262663026094e+09
1.694640262671072006e+09
1.694640262684398413e+09
1.694640262688421249e+09
1.694640262705337048e+09
1.694640262709359407e+09
1.694640262721447706e+09
1.694640262729494572e+09
1.694640262741561651e+09
1.694640262749607801e+09
1.694640262761665106e+09
1.694640262769709587e+09
1.694640262784736633e+09
1.694640262792793036e+09
1.694640262804858208e+09
1.694640262808879852e+09
1.694640262820946217e+09
1.694640262828976870e+09
1.694640262841041803e+09
1.694640262850322008e+09
1.694640262862386942e+09
1.694640262870432615e+09
1.694640262885152102e+09
1.694640262893195629e+09
1.694640262905267477e+09
1.694640262909289122e+09
1.694640262921349764e+09
1.694640262929394007e+09
1.694640262941452980e+09
1.694640262949490309e+09
1.694640262961560011e+09
1.694640262969589233e+09
1.694640262981657982e+09
1.694640262989976883e+09
1.694640263006064415e+09
1.694640263006064415e+09
1.694640263006064415e+09
1.694640263030322790e+09
1.694640263046403408e+09
1.694640263050425529e+09
1.694640263062486172e+09
1.694640263070861340e+09
1.694640263082920313e+09
1.694640263090957165e+09
1.694640263107028723e+09
1.694640263107028723e+09
1.694640263123121023e+09
1.694640263139198065e+09
1.694640263143220901e+09
1.694640263159310818e+09
1.694640263163367748e+09
1.694640263175432205e+09
1.694640263179454327e+09
1.694640263195549488e+09
1.694640263203594208e+09
1.694640263211637735e+09
1.694640263220181704e+09
1.694640263232254028e+09
1.694640263236276865e+09
1.694640263252377510e+09
1.694640263268853188e+09
1.694640263276887894e+09
1.694640263288942337e+09
1.694640263292955875e+09
1.694640263305046797e+09
1.694640263313550711e+09
1.694640263325617552e+09
1.694640263329639912e+09
1.694640263345731258e+09
1.694640263349754572e+09
1.694640263361822367e+09
1.694640263369867802e+09
1.694640263381916046e+09
1.694640263395373821e+09
1.694640263403424978e+09
1.694640263408015490e+09
1.694640263424088717e+09
1.694640263428112984e+09
1.694640263444227219e+09
1.694640263448241711e+09
1.694640263464333534e+09
1.694640263468355656e+09
1.694640263489231586e+09
1.694640263493252754e+09
1.694640263505308390e+09
1.694640263509330988e+09
1.694640263525421619e+09
1.694640263529444218e+09
1.694640263541511059e+09
1.694640263549537659e+09
1.694640263561599970e+09
1.694640263569644451e+09
1.694640263581687450e+09
1.694640263589733124e+09
1.694640263601848841e+09
1.694640263609880686e+09
1.694640263622467518e+09
1.694640263630490303e+09
1.694640263643272877e+09
1.694640263651317596e+09
1.694640263663384676e+09
1.694640263667407274e+09
1.694640263683574677e+09
1.694640263691628218e+09
1.694640263703751564e+09
1.694640263707762718e+09
1.694640263723849297e+09
1.694640263727875233e+09
1.694640263744136333e+09
1.694640263748154163e+09
1.694640263764812231e+09
1.694640263768834591e+09
1.694640263784909010e+09
1.694640263793823481e+09
1.694640263805895329e+09
1.694640263809917688e+09
1.694640263822024107e+09
1.694640263830066442e+09
1.694640263842134714e+09
1.694640263850179195e+09
1.694640263862246037e+09
1.694640263870292187e+09
1.694640263882396460e+09
1.694640263890422583e+09
1.694640263902657509e+09
1.694640263910691977e+09
1.694640263924194813e+09
1.694640263928215742e+09
1.694640263944307089e+09
1.694640263949293613e+09
1.694640263961745739e+09
1.694640263969809294e+09
1.694640263981891870e+09
1.694640263989926100e+09
1.694640264006015062e+09
1.694640264006015062e+09
1.694640264006015062e+09
1.694640264030782223e+09
1.694640264046876431e+09
1.694640264050899506e+09
1.694640264062958956e+09
1.694640264071005106e+09
1.694640264083072186e+09
1.694640264087095737e+09
1.694640264107235909e+09
1.694640264107235909e+09
1.694640264123528242e+09
1.694640264127537966e+09
1.694640264143645287e+09
1.694640264159733057e+09
1.694640264164270639e+09
1.694640264176316261e+09
1.694640264180339098e+09
1.694640264196428061e+09
1.694640264200449944e+09
1.694640264212528467e+09
1.694640264220580339e+09
1.694640264233690262e+09
1.694640264237714529e+09
1.694640264249776602e+09
1.694640264257819891e+09
1.694640264273910046e+09
1.694640264290000916e+09
1.694640264294025898e+09
1.694640264310230017e+09
1.694640264314251900e+09
1.694640264326331854e+09
1.694640264335282803e+09
1.694640264347352266e+09
1.694640264351374388e+09
1.694640264363421202e+09
1.694640264367443323e+09
1.694640264384746075e+09
1.694640264394093513e+09
1.694640264402257442e+09
1.694640264410324335e+09
1.694640264422375441e+09
1.694640264430420160e+09
1.694640264442492008e+09
1.694640264450540304e+09
1.694640264462591171e+09
1.694640264470638514e+09
1.694640264482703686e+09
1.694640264490751028e+09
1.694640264502817154e+09
1.694640264510864019e+09
1.694640264523128271e+09
1.694640264531305313e+09
1.694640264543354034e+09
1.694640264547372818e+09
1.694640264563467026e+09
1.694640264567489624e+09
1.694640264587646961e+09
1.694640264587646961e+09
1.694640264605559587e+09
1.694640264609572411e+09
1.694640264625631332e+09
1.694640264629654646e+09
1.694640264641709089e+09
1.694640264649754524e+09
1.694640264661825895e+09
1.694640264669859409e+09
1.694640264681928873e+09
1.694640264689975500e+09
1.694640264706064939e+09
1.694640264710087061e+09
1.694640264722819805e+09
1.694640264730847597e+09
1.694640264742911577e+09
1.694640264748423576e+09
1.694640264764511347e+09
1.694640264768537521e+09
1.694640264782087803e+09
1.694640264786109686e+09
1.694640264804515839e+09
1.694640264808537006e+09
1.694640264821251631e+09
1.694640264829286575e+09
1.694640264841343403e+09
1.694640264849516392e+09
1.694640264861583710e+09
1.694640264869630575e+09
1.694640264881684780e+09
1.694640264889728069e+09
1.694640264901957989e+09
1.694640264910004139e+09
