1.699989879384478092e+09
1.699989879484478951e+09
1.699989879584477901e+09
1.699989879684478045e+09
1.699989879784478903e+09
1.699989879884501934e+09
1.699989879984493017e+09
1.699989880084477901e+09
1.699989880184464931e+09
1.699989880284457922e+09
1.699989880384453058e+09
1.699989880484445095e+09
1.699989880584439039e+09
1.699989880684438944e+09
1.699989880784446001e+09
1.699989880884460926e+09
1.699989880984477043e+09
1.699989881084496021e+09
1.699989881184520006e+09
1.699989881284548044e+09
1.699989881384576082e+09
1.699989881484599113e+09
1.699989881584616899e+09
1.699989881684633970e+09
1.699989881784655094e+09
1.699989881884675980e+09
1.699989881984708071e+09
1.699989882084744930e+09
1.699989882184782028e+09
1.699989882284828901e+09
1.699989882384874105e+09
1.699989882484930038e+09
1.699989882584989071e+09
1.699989882685040951e+09
1.699989882785088062e+09
1.699989882885122061e+09
1.699989882985157013e+09
1.699989883085185051e+09
1.699989883185195923e+09
1.699989883285202980e+09
1.699989883385205984e+09
1.699989883485208988e+09
1.699989883585222960e+09
1.699989883685216904e+09
1.699989883785202980e+09
1.699989883885231972e+09
1.699989883985217094e+09
1.699989884085213900e+09
1.699989884185221910e+09
1.699989884285233021e+09
1.699989884385252953e+09
1.699989884485276937e+09
1.699989884585310936e+09
1.699989884685348988e+09
1.699989884785356998e+09
1.699989884885356903e+09
1.699989884985373020e+09
1.699989885085374117e+09
1.699989885185367107e+09
1.699989885285370111e+09
1.699989885385375023e+09
1.699989885485383034e+09
1.699989885585388899e+09
1.699989885685395002e+09
1.699989885785404921e+09
1.699989885885385990e+09
1.699989885985368967e+09
1.699989886085347891e+09
1.699989886185312033e+09
1.699989886285242081e+09
1.699989886385225058e+09
1.699989886485220909e+09
1.699989886585211039e+09
1.699989886685208082e+09
1.699989886785207987e+09
1.699989886885209084e+09
1.699989886985191107e+09
1.699989887085180998e+09
1.699989887185168028e+09
1.699989887285139084e+09
1.699989887385109901e+09
1.699989887485093117e+09
1.699989887585064888e+09
1.699989887685041904e+09
1.699989887785038948e+09
1.699989887885015011e+09
1.699989887985008955e+09
1.699989888085014105e+09
1.699989888185026884e+09
1.699989888285017014e+09
1.699989888385004044e+09
1.699989888484991074e+09
1.699989888584983110e+09
1.699989888684964895e+09
1.699989888784943104e+09
1.699989888884929895e+09
1.699989888984918118e+09
1.699989889084912062e+09
1.699989889184920073e+09
1.699989889284934044e+09
1.699989889384969950e+09
1.699989889485033035e+09
1.699989889585114956e+09
1.699989889685230970e+09
1.699989889785356045e+09
1.699989889885490894e+09
1.699989889985614061e+09
1.699989890085748911e+09
1.699989890185911894e+09
1.699989890286079884e+09
1.699989890386257887e+09
1.699989890486417055e+09
1.699989890586580038e+09
1.699989890686733007e+09
1.699989890786885023e+09
1.699989890886970997e+09
1.699989890987052917e+09
1.699989891087244987e+09
1.699989891187314034e+09
1.699989891287528038e+09
1.699989891387727022e+09
1.699989891487894058e+09
1.699989891587980986e+09
1.699989891688005924e+09
1.699989891788070917e+09
1.699989891888119936e+09
1.699989891988193035e+09
1.699989892088325977e+09
1.699989892188498020e+09
1.699989892288677931e+09
1.699989892388714075e+09
1.699989892488692999e+09
1.699989892588618040e+09
1.699989892688534021e+09
1.699989892788439035e+09
1.699989892888385057e+09
1.699989892988321066e+09
1.699989893088233948e+09
1.699989893188205004e+09
1.699989893288134098e+09
1.699989893388072014e+09
1.699989893488084078e+09
1.699989893588129997e+09
1.699989893688138008e+09
1.699989893788089991e+09
1.699989893887980938e+09
1.699989893987811089e+09
1.699989894087652922e+09
1.699989894187551975e+09
1.699989894287491083e+09
1.699989894387423992e+09
1.699989894487349987e+09
1.699989894587255955e+09
1.699989894687175989e+09
1.699989894787116051e+09
1.699989894887047052e+09
1.699989894986943960e+09
1.699989895086833000e+09
1.699989895186706066e+09
1.699989895286585093e+09
1.699989895386467934e+09
1.699989895486351013e+09
1.699989895586231947e+09
1.699989895686125040e+09
1.699989895786019087e+09
1.699989895885960102e+09
1.699989895985871077e+09
1.699989896085783958e+09
1.699989896185694933e+09
1.699989896285593033e+09
1.699989896385490894e+09
1.699989896485382080e+09
1.699989896585269928e+09
1.699989896685161114e+09
1.699989896785058975e+09
1.699989896884970903e+09
1.699989896984903097e+09
1.699989897084845066e+09
1.699989897184794903e+09
1.699989897284755945e+09
1.699989897384726048e+09
1.699989897484704018e+09
1.699989897584690094e+09
1.699989897684690952e+09
1.699989897784718037e+09
1.699989897884804964e+09
1.699989897984915972e+09
1.699989898085102081e+09
1.699989898185326099e+09
1.699989898285567999e+09
1.699989898385835886e+09
1.699989898486130953e+09
1.699989898586456060e+09
1.699989898686814070e+09
1.699989898786892891e+09
1.699989898886862040e+09
1.699989898986804008e+09
1.699989899086761951e+09
1.699989899186733007e+09
1.699989899286695004e+09
1.699989899386637926e+09
1.699989899486548901e+09
1.699989899586436987e+09
1.699989899686311960e+09
1.699989899786184072e+09
1.699989899886069059e+09
1.699989899985949993e+09
1.699989900085840940e+09
1.699989900185749054e+09
1.699989900285670042e+09
1.699989900385617018e+09
1.699989900485575914e+09
1.699989900585535049e+09
1.699989900685467958e+09
1.699989900785379887e+09
1.699989900885313034e+09
1.699989900985224009e+09
1.699989901085144043e+09
1.699989901185065031e+09
1.699989901284991026e+09
1.699989901384926081e+09
1.699989901484868050e+09
1.699989901584820032e+09
1.699989901684782028e+09
1.699989901784744978e+09
1.699989901884682894e+09
1.699989901984649897e+09
1.699989902084624052e+09
1.699989902184603930e+09
1.699989902284584999e+09
1.699989902384568930e+09
1.699989902484551907e+09
1.699989902584536076e+09
1.699989902684515953e+09
1.699989902784492970e+09
1.699989902884495974e+09
1.699989902984471083e+09
1.699989903084445953e+09
1.699989903184426069e+09
1.699989903284410954e+09
1.699989903384394884e+09
1.699989903484375954e+09
1.699989903584356070e+09
1.699989903684339046e+09
1.699989903784323931e+09
1.699989903884321928e+09
1.699989903984308004e+09
1.699989904084294081e+09
1.699989904184283018e+09
1.699989904284276009e+09
1.699989904384270906e+09
1.699989904484268904e+09
1.699989904584266901e+09
1.699989904684262991e+09
1.699989904784262896e+09
1.699989904884248018e+09
1.699989904984253883e+09
1.699989905084261894e+09
1.699989905184276104e+09
1.699989905284286976e+09
1.699989905384285927e+09
1.699989905484277964e+09
1.699989905584274054e+09
1.699989905684279919e+09
1.699989905784286022e+09
1.699989905884279013e+09
1.699989905984266043e+09
1.699989906084252119e+09
1.699989906184242010e+09
1.699989906284233093e+09
1.699989906384226084e+09
1.699989906484215021e+09
1.699989906584202051e+09
1.699989906684187889e+09
1.699989906784176111e+09
1.699989906884180069e+09
1.699989906984174013e+09
1.699989907084167957e+09
1.699989907184156895e+09
1.699989907284142971e+09
1.699989907384129047e+09
1.699989907484116077e+09
1.699989907584110022e+09
1.699989907684107065e+09
1.699989907784105062e+09
1.699989907884099960e+09
1.699989907984097958e+09
1.699989908084090948e+09
1.699989908184083939e+09
1.699989908284075975e+09
1.699989908384073019e+09
1.699989908484076023e+09
1.699989908584083080e+09
1.699989908684088945e+09
1.699989908784096003e+09
1.699989908884104013e+09
1.699989908984112024e+09
1.699989909084111929e+09
1.699989909184104919e+09
1.699989909284095049e+09
1.699989909384087086e+09
1.699989909484076977e+09
1.699989909584073067e+09
1.699989909684067965e+09
1.699989909784064054e+09
1.699989909884073019e+09
1.699989909984070063e+09
1.699989910084068060e+09
1.699989910184067011e+09
1.699989910284065008e+09
1.699989910384057999e+09
1.699989910484050035e+09
1.699989910584043026e+09
1.699989910684031010e+09
1.699989910784022093e+09
1.699989910884011030e+09
1.699989910984004021e+09
1.699989911084003925e+09
1.699989911184005022e+09
1.699989911284008026e+09
1.699989911384010077e+09
1.699989911484010935e+09
1.699989911584012032e+09
1.699989911684015036e+09
1.699989911784018993e+09
1.699989911884038925e+09
1.699989911984045982e+09
1.699989912084053040e+09
1.699989912184058905e+09
1.699989912284065008e+09
1.699989912384069920e+09
1.699989912484075069e+09
1.699989912584083080e+09
1.699989912684092999e+09
1.699989912784106970e+09
1.699989912884118080e+09
1.699989912984134912e+09
1.699989913084148884e+09
1.699989913184159040e+09
1.699989913284162045e+09
1.699989913384166002e+09
1.699989913484172106e+09
1.699989913584175110e+09
1.699989913684178114e+09
1.699989913784184933e+09
1.699989913884219885e+09
1.699989913984225035e+09
1.699989914084228039e+09
1.699989914184231043e+09
1.699989914284236908e+09
1.699989914384244919e+09
1.699989914484258890e+09
1.699989914584275961e+09
1.699989914684293985e+09
1.699989914784317017e+09
1.699989914884345055e+09
1.699989914984370947e+09
1.699989915084394932e+09
1.699989915184413910e+09
1.699989915284430981e+09
1.699989915384447098e+09
1.699989915484460115e+09
1.699989915584470987e+09
1.699989915684480906e+09
1.699989915784490108e+09
1.699989915884500027e+09
1.699989915984503984e+09
1.699989916084507942e+09
1.699989916184511900e+09
1.699989916284514904e+09
1.699989916384517908e+09
1.699989916484519958e+09
1.699989916584522009e+09
1.699989916684523106e+09
1.699989916784523964e+09
1.699989916884538889e+09
1.699989916984539986e+09
1.699989917084538937e+09
1.699989917184536934e+09
1.699989917284534931e+09
1.699989917384532928e+09
1.699989917484530926e+09
1.699989917584528923e+09
1.699989917684529066e+09
1.699989917784528971e+09
1.699989917884524107e+09
1.699989917984524012e+09
1.699989918084523916e+09
1.699989918184524059e+09
1.699989918284522057e+09
1.699989918384520054e+09
1.699989918484518051e+09
1.699989918584516048e+09
1.699989918684515953e+09
1.699989918784513950e+09
1.699989918884521008e+09
1.699989918984518051e+09
1.699989919084517002e+09
1.699989919184514999e+09
1.699989919284512997e+09
1.699989919384510994e+09
1.699989919484508991e+09
1.699989919584508896e+09
1.699989919684509039e+09
1.699989919784508944e+09
1.699989919884500027e+09
1.699989919984499931e+09
1.699989920084500074e+09
1.699989920184499979e+09
1.699989920284499884e+09
1.699989920384497881e+09
1.699989920484496117e+09
1.699989920584496021e+09
1.699989920684495926e+09
1.699989920784496069e+09
1.699989920884494066e+09
1.699989920984493017e+09
1.699989921084492922e+09
1.699989921184494019e+09
1.699989921284492970e+09
1.699989921384494066e+09
1.699989921484493017e+09
1.699989921584492922e+09
1.699989921684494019e+09
1.699989921784492970e+09
1.699989921884504080e+09
1.699989921984503984e+09
1.699989922084503889e+09
1.699989922184504032e+09
1.699989922284502029e+09
1.699989922384500027e+09
1.699989922484499931e+09
1.699989922584500074e+09
1.699989922684499979e+09
1.699989922784499884e+09
1.699989922884524107e+09
1.699989922984524012e+09
1.699989923084523916e+09
1.699989923184524059e+09
1.699989923284523964e+09
1.699989923384524107e+09
1.699989923484524012e+09
1.699989923584523916e+09
1.699989923684524059e+09
1.699989923784523964e+09
1.699989923884496927e+09
1.699989923984497070e+09
1.699989924084496975e+09
1.699989924184497118e+09
1.699989924284497023e+09
1.699989924384496927e+09
1.699989924484497070e+09
1.699989924584496975e+09
1.699989924684497118e+09
1.699989924784497023e+09
1.699989924884524107e+09
1.699989924984524012e+09
1.699989925084523916e+09
1.699989925184524059e+09
1.699989925284522057e+09
1.699989925384521961e+09
1.699989925484522104e+09
1.699989925584522009e+09
1.699989925684521914e+09
1.699989925784522057e+09
1.699989925884507895e+09
1.699989925984508038e+09
1.699989926084507942e+09
1.699989926184508085e+09
1.699989926284507990e+09
1.699989926384507895e+09
1.699989926484508038e+09
1.699989926584507942e+09
1.699989926684508085e+09
1.699989926784507990e+09
1.699989926884480000e+09
1.699989926984479904e+09
1.699989927084477901e+09
1.699989927184478045e+09
1.699989927284477949e+09
1.699989927384478092e+09
1.699989927484477997e+09
1.699989927584477901e+09
1.699989927684478045e+09
1.699989927784477949e+09
1.699989927884489059e+09
1.699989927984488010e+09
1.699989928084487915e+09
1.699989928184489012e+09
1.699989928284487963e+09
1.699989928384489059e+09
1.699989928484488010e+09
1.699989928584487915e+09
1.699989928684489012e+09
1.699989928784487963e+09
1.699989928884459019e+09
1.699989928984458923e+09
1.699989929084459066e+09
1.699989929184458971e+09
1.699989929284459114e+09
1.699989929384459019e+09
1.699989929484458923e+09
1.699989929584459066e+09
1.699989929684458971e+09
1.699989929784459114e+09
1.699989929884485960e+09
1.699989929984486103e+09
1.699989930084486008e+09
1.699989930184485912e+09
1.699989930284486055e+09
1.699989930384485960e+09
1.699989930484486103e+09
1.699989930584486008e+09
1.699989930684485912e+09
1.699989930784486055e+09
1.699989930884465933e+09
1.699989930984466076e+09
1.699989931084465027e+09
1.699989931184465885e+09
1.699989931284466028e+09
1.699989931384465933e+09
1.699989931484466076e+09
1.699989931584465027e+09
1.699989931684465885e+09
1.699989931784466028e+09
1.699989931884471893e+09
1.699989931984472036e+09
1.699989932084471941e+09
1.699989932184472084e+09
1.699989932284471989e+09
1.699989932384471893e+09
1.699989932484472036e+09
1.699989932584471941e+09
1.699989932684472084e+09
1.699989932784471989e+09
1.699989932884495020e+09
1.699989932984494925e+09
1.699989933084495068e+09
1.699989933184494972e+09
1.699989933284495115e+09
1.699989933384495020e+09
1.699989933484494925e+09
1.699989933584495068e+09
1.699989933684494972e+09
1.699989933784495115e+09
1.699989933884496927e+09
1.699989933984497070e+09
1.699989934084496975e+09
1.699989934184497118e+09
1.699989934284497023e+09
1.699989934384496927e+09
1.699989934484497070e+09
1.699989934584496975e+09
1.699989934684497118e+09
1.699989934784497023e+09
1.699989934884510994e+09
1.699989934984510899e+09
1.699989935084511042e+09
1.699989935184510946e+09
1.699989935284511089e+09
1.699989935384510994e+09
1.699989935484510899e+09
1.699989935584511042e+09
1.699989935684510946e+09
1.699989935784511089e+09
1.699989935884483099e+09
1.699989935984483004e+09
1.699989936084482908e+09
1.699989936184483051e+09
1.699989936284482956e+09
1.699989936384483099e+09
1.699989936484483004e+09
1.699989936584482908e+09
1.699989936684483051e+09
1.699989936784482956e+09
1.699989936884483099e+09
1.699989936984483004e+09
1.699989937084482908e+09
1.699989937184483051e+09
1.699989937284482956e+09
1.699989937384483099e+09
1.699989937484483004e+09
1.699989937584482908e+09
1.699989937684483051e+09
1.699989937784482956e+09
1.699989937784482956e+09
1.699989937984462976e+09
1.699989938084462881e+09
1.699989938184463024e+09
1.699989938284462929e+09
1.699989938384463072e+09
1.699989938484462976e+09
1.699989938584462881e+09
1.699989938684463024e+09
1.699989938784462929e+09
1.699989938884463072e+09
1.699989938984121084e+09
1.699989939084120989e+09
1.699989939184120893e+09
1.699989939284121037e+09
1.699989939384120941e+09
1.699989939484121084e+09
1.699989939584120989e+09
1.699989939684120893e+09
1.699989939784121037e+09
1.699989939884120941e+09
1.699989939984138012e+09
1.699989940084137917e+09
1.699989940184138060e+09
1.699989940284137964e+09
1.699989940384138107e+09
1.699989940484138012e+09
1.699989940584137917e+09
1.699989940684138060e+09
1.699989940784137964e+09
1.699989940884138107e+09
1.699989940984164000e+09
1.699989941084163904e+09
1.699989941184164047e+09
1.699989941284163952e+09
1.699989941384164095e+09
1.699989941484164000e+09
1.699989941584163904e+09
1.699989941684164047e+09
1.699989941784163952e+09
1.699989941884165049e+09
1.699989941984229088e+09
1.699989942084228039e+09
1.699989942184228897e+09
1.699989942284228086e+09
1.699989942384228945e+09
1.699989942484230042e+09
1.699989942584228992e+09
1.699989942684228897e+09
1.699989942784229040e+09
1.699989942884228945e+09
1.699989942984262943e+09
1.699989943084264040e+09
1.699989943184262991e+09
1.699989943284262896e+09
1.699989943384263992e+09
1.699989943484265089e+09
1.699989943584264040e+09
1.699989943684263945e+09
1.699989943784265041e+09
1.699989943884265900e+09
1.699989943984287024e+09
1.699989944084286928e+09
1.699989944184287071e+09
1.699989944284287930e+09
1.699989944384287119e+09
1.699989944484287024e+09
1.699989944584286928e+09
1.699989944684287071e+09
1.699989944784286022e+09
1.699989944884287119e+09
1.699989944984333992e+09
1.699989945084333897e+09
1.699989945184334040e+09
1.699989945284333944e+09
1.699989945384335041e+09
1.699989945484335899e+09
1.699989945584335089e+09
1.699989945684334993e+09
1.699989945784334898e+09
1.699989945884335041e+09
1.699989945984373093e+09
1.699989946084372997e+09
1.699989946184372902e+09
1.699989946284373045e+09
1.699989946384373903e+09
1.699989946484373093e+09
1.699989946584372997e+09
1.699989946684372902e+09
1.699989946784373045e+09
1.699989946884372950e+09
1.699989946984388113e+09
1.699989947084388018e+09
1.699989947184387922e+09
