1.694640232616831541e+09
1.694640232616831541e+09
1.694640232774840832e+09
1.694640232939535618e+09
1.694640232939535618e+09
1.694640233096781969e+09
1.694640233258358717e+09
1.694640233258358717e+09
1.694640233415035248e+09
1.694640233415035248e+09
1.694640233574832201e+09
1.694640233740508795e+09
1.694640233740508795e+09
1.694640233896341324e+09
1.694640234057312012e+09
1.694640234057312012e+09
1.694640234217773676e+09
1.694640234217773676e+09
1.694640234375221729e+09
1.694640234539219379e+09
1.694640234539219379e+09
1.694640234697715998e+09
1.694640234855247736e+09
1.694640234855247736e+09
1.694640235018796206e+09
1.694640235018796206e+09
1.694640235175848246e+09
1.694640235337058067e+09
1.694640235337058067e+09
1.694640235496564150e+09
1.694640235657725573e+09
1.694640235657725573e+09
1.694640235817117214e+09
1.694640235817117214e+09
1.694640235978176594e+09
1.694640236140234947e+09
1.694640236140234947e+09
1.694640236298587084e+09
1.694640236455826521e+09
1.694640236455826521e+09
1.694640236614447832e+09
1.694640236614447832e+09
1.694640236775709629e+09
1.694640236942390442e+09
1.694640236942390442e+09
1.694640237094216347e+09
1.694640237256602049e+09
1.694640237256602049e+09
1.694640237414745569e+09
1.694640237414745569e+09
1.694640237576594353e+09
1.694640237741779327e+09
1.694640237741779327e+09
1.694640237896607399e+09
1.694640238054734945e+09
1.694640238054734945e+09
1.694640238215928316e+09
1.694640238215928316e+09
1.694640238378566742e+09
1.694640238539927959e+09
1.694640238539927959e+09
1.694640238695073128e+09
1.694640238856664896e+09
1.694640238856664896e+09
1.694640239016675949e+09
1.694640239016675949e+09
1.694640239177206516e+09
1.694640239338852882e+09
1.694640239338852882e+09
1.694640239498450279e+09
1.694640239655290604e+09
1.694640239655290604e+09
1.694640239817462921e+09
1.694640239817462921e+09
1.694640239974779129e+09
1.694640240139731407e+09
1.694640240139731407e+09
1.694640240296409607e+09
1.694640240455503941e+09
1.694640240455503941e+09
1.694640240617735147e+09
1.694640240617735147e+09
1.694640240775059700e+09
1.694640240940249205e+09
1.694640240940249205e+09
1.694640241103873968e+09
1.694640241257086754e+09
1.694640241257086754e+09
1.694640241415709496e+09
1.694640241415709496e+09
1.694640241574854851e+09
1.694640241735678434e+09
1.694640241735678434e+09
1.694640241896278381e+09
1.694640242058643579e+09
1.694640242058643579e+09
1.694640242218160629e+09
1.694640242218160629e+09
1.694640242377287626e+09
1.694640242537497044e+09
1.694640242537497044e+09
1.694640242695179462e+09
1.694640242860532284e+09
1.694640242860532284e+09
1.694640243018530130e+09
1.694640243018530130e+09
1.694640243175362110e+09
1.694640243336159229e+09
1.694640243336159229e+09
1.694640243498137474e+09
1.694640243658732653e+09
1.694640243658732653e+09
1.694640243817827702e+09
1.694640243817827702e+09
1.694640243975131273e+09
1.694640244135417461e+09
1.694640244135417461e+09
1.694640244297711611e+09
1.694640244458462954e+09
1.694640244458462954e+09
1.694640244616765499e+09
1.694640244616765499e+09
1.694640244778185368e+09
1.694640244938491106e+09
1.694640244938491106e+09
1.694640245095557451e+09
1.694640245257094145e+09
1.694640245257094145e+09
1.694640245418318987e+09
1.694640245418318987e+09
1.694640245575658083e+09
1.694640245738109112e+09
1.694640245738109112e+09
1.694640245896086216e+09
1.694640246057075024e+09
1.694640246057075024e+09
1.694640246214945078e+09
1.694640246214945078e+09
1.694640246378107786e+09
1.694640246534626007e+09
1.694640246534626007e+09
1.694640246695872068e+09
1.694640246856292725e+09
1.694640246856292725e+09
1.694640247016337872e+09
1.694640247016337872e+09
1.694640247177391052e+09
1.694640247335802555e+09
1.694640247335802555e+09
1.694640247501279116e+09
1.694640247661212444e+09
1.694640247661212444e+09
1.694640247815209389e+09
1.694640247815209389e+09
1.694640247978152037e+09
1.694640248136557341e+09
1.694640248136557341e+09
1.694640248294595003e+09
1.694640248458981037e+09
1.694640248458981037e+09
1.694640248618454933e+09
1.694640248618454933e+09
1.694640248774290562e+09
1.694640248935737371e+09
1.694640248935737371e+09
1.694640249095089674e+09
1.694640249256086349e+09
1.694640249256086349e+09
1.694640249416329861e+09
1.694640249416329861e+09
1.694640249579617262e+09
1.694640249736973763e+09
1.694640249736973763e+09
1.694640249899679661e+09
1.694640250058190823e+09
1.694640250058190823e+09
1.694640250216536999e+09
1.694640250216536999e+09
1.694640250379755020e+09
1.694640250536595345e+09
1.694640250536595345e+09
1.694640250697135687e+09
1.694640250855913639e+09
1.694640250855913639e+09
1.694640251014885426e+09
1.694640251014885426e+09
1.694640251177119732e+09
1.694640251335388422e+09
1.694640251335388422e+09
1.694640251497719765e+09
1.694640251657590628e+09
1.694640251657590628e+09
1.694640251817481756e+09
1.694640251817481756e+09
1.694640251976693153e+09
1.694640252136111021e+09
1.694640252136111021e+09
1.694640252295410872e+09
1.694640252459091187e+09
1.694640252459091187e+09
1.694640252617152691e+09
1.694640252617152691e+09
1.694640252775832415e+09
1.694640252940230131e+09
1.694640252940230131e+09
1.694640253095481873e+09
1.694640253254980803e+09
1.694640253254980803e+09
1.694640253418199301e+09
1.694640253418199301e+09
1.694640253575903416e+09
1.694640253737182140e+09
1.694640253737182140e+09
1.694640253895206690e+09
1.694640254057894468e+09
1.694640254057894468e+09
1.694640254216109991e+09
1.694640254216109991e+09
1.694640254378356457e+09
1.694640254537688732e+09
1.694640254537688732e+09
1.694640254695865631e+09
1.694640254857823610e+09
1.694640254857823610e+09
1.694640255018341303e+09
1.694640255018341303e+09
1.694640255178645372e+09
1.694640255338367462e+09
1.694640255338367462e+09
1.694640255495191574e+09
1.694640255660064220e+09
1.694640255660064220e+09
1.694640255818319559e+09
1.694640255818319559e+09
1.694640255978198051e+09
1.694640256138160229e+09
1.694640256138160229e+09
1.694640256299089193e+09
1.694640256457701683e+09
1.694640256457701683e+09
1.694640256615020275e+09
1.694640256615020275e+09
1.694640256775938749e+09
1.694640256934937000e+09
1.694640256934937000e+09
1.694640257097974539e+09
1.694640257255233526e+09
1.694640257255233526e+09
1.694640257416784525e+09
1.694640257416784525e+09
1.694640257579664230e+09
1.694640257735286236e+09
1.694640257735286236e+09
1.694640257895900488e+09
1.694640258058089972e+09
1.694640258058089972e+09
1.694640258215712070e+09
1.694640258215712070e+09
1.694640258375540018e+09
1.694640258538884401e+09
1.694640258538884401e+09
1.694640258696467876e+09
1.694640258858592749e+09
1.694640258858592749e+09
1.694640259016117573e+09
1.694640259016117573e+09
1.694640259178007364e+09
1.694640259338375568e+09
1.694640259338375568e+09
1.694640259500296593e+09
1.694640259655466557e+09
1.694640259655466557e+09
1.694640259818031073e+09
1.694640259818031073e+09
1.694640259976458549e+09
1.694640260135825872e+09
1.694640260135825872e+09
1.694640260299124002e+09
1.694640260457353592e+09
1.694640260457353592e+09
1.694640260616326809e+09
1.694640260616326809e+09
1.694640260774934053e+09
1.694640260936941385e+09
1.694640260936941385e+09
1.694640261097748756e+09
1.694640261256161928e+09
1.694640261256161928e+09
1.694640261414828062e+09
1.694640261414828062e+09
1.694640261575578451e+09
1.694640261737118244e+09
1.694640261737118244e+09
1.694640261895301342e+09
1.694640262056133986e+09
1.694640262056133986e+09
1.694640262215940952e+09
1.694640262215940952e+09
1.694640262377210855e+09
1.694640262535794020e+09
1.694640262535794020e+09
1.694640262697294235e+09
1.694640262858364582e+09
1.694640262858364582e+09
1.694640263018134594e+09
1.694640263018134594e+09
1.694640263175432205e+09
1.694640263337686777e+09
1.694640263337686777e+09
1.694640263497266054e+09
1.694640263655340910e+09
1.694640263655340910e+09
1.694640263817961931e+09
1.694640263817961931e+09
1.694640263977869511e+09
1.694640264135599375e+09
1.694640264135599375e+09
1.694640264298032284e+09
1.694640264458569050e+09
1.694640264458569050e+09
1.694640264617615461e+09
1.694640264617615461e+09
1.694640264776582718e+09
