1.694640232623053074e+09
1.694640232723074913e+09
1.694640232823093891e+09
1.694640232923110962e+09
1.694640233023124933e+09
1.694640233123136997e+09
1.694640233223148108e+09
1.694640233323158979e+09
1.694640233423167944e+09
1.694640233423167944e+09
1.694640233623172998e+09
1.694640233723179102e+09
1.694640233823184967e+09
1.694640233923192024e+09
1.694640234023195028e+09
1.694640234123199940e+09
1.694640234223203897e+09
1.694640234323210001e+09
1.694640234423213005e+09
1.694640234523216009e+09
1.694640234622864962e+09
1.694640234722867966e+09
1.694640234822870970e+09
1.694640234922873974e+09
1.694640235022875071e+09
1.694640235122875929e+09
1.694640235222877026e+09
1.694640235322877884e+09
1.694640235422878981e+09
1.694640235522880077e+09
1.694640235622936964e+09
1.694640235722935915e+09
1.694640235822937012e+09
1.694640235922936916e+09
1.694640236022936106e+09
1.694640236122936964e+09
1.694640236222939014e+09
1.694640236322938919e+09
1.694640236422938108e+09
1.694640236522938013e+09
1.694640236622967005e+09
1.694640236722968102e+09
1.694640236822968960e+09
1.694640236922970057e+09
1.694640237022969007e+09
1.694640237122968912e+09
1.694640237222969055e+09
1.694640237322968960e+09
1.694640237422970057e+09
1.694640237522970915e+09
1.694640237622994900e+09
1.694640237722995996e+09
1.694640237822994947e+09
1.694640237922996044e+09
1.694640238022996902e+09
1.694640238122996092e+09
1.694640238222996950e+09
1.694640238322995901e+09
1.694640238422996044e+09
1.694640238522996902e+09
1.694640238622991085e+09
1.694640238722990036e+09
1.694640238822988987e+09
1.694640238922990084e+09
1.694640239022989035e+09
1.694640239122988939e+09
1.694640239222990036e+09
1.694640239322988987e+09
1.694640239422991037e+09
1.694640239522990942e+09
1.694640239623044014e+09
1.694640239723042965e+09
1.694640239823043108e+09
1.694640239923043966e+09
1.694640240023045063e+09
1.694640240123044014e+09
1.694640240223043919e+09
1.694640240323044062e+09
1.694640240423043966e+09
1.694640240523044109e+09
1.694640240623037100e+09
1.694640240723037004e+09
1.694640240823036909e+09
1.694640240923037052e+09
1.694640241023036957e+09
1.694640241123037100e+09
1.694640241223037004e+09
1.694640241323036909e+09
1.694640241423037052e+09
1.694640241523036957e+09
1.694640241623061895e+09
1.694640241723062038e+09
1.694640241823061943e+09
1.694640241923062086e+09
1.694640242023061991e+09
1.694640242123061895e+09
1.694640242223062038e+09
1.694640242323061943e+09
1.694640242423062086e+09
1.694640242523061991e+09
1.694640242623051882e+09
1.694640242723052025e+09
1.694640242823052883e+09
1.694640242923052073e+09
1.694640243023051977e+09
1.694640243123051882e+09
1.694640243223052979e+09
1.694640243323051929e+09
1.694640243423052073e+09
1.694640243523051977e+09
1.694640243623069048e+09
1.694640243723067999e+09
1.694640243823067904e+09
1.694640243923069000e+09
1.694640244023067951e+09
1.694640244123068094e+09
1.694640244223067999e+09
1.694640244323067904e+09
1.694640244423068047e+09
1.694640244523067951e+09
1.694640244623065948e+09
1.694640244723066092e+09
1.694640244823065996e+09
1.694640244923065901e+09
1.694640245023066044e+09
1.694640245123065948e+09
1.694640245223066092e+09
1.694640245323065996e+09
1.694640245423065901e+09
1.694640245523066044e+09
1.694640245623090982e+09
1.694640245723090887e+09
1.694640245823091030e+09
1.694640245923090935e+09
1.694640246023091078e+09
1.694640246123090982e+09
1.694640246223090887e+09
1.694640246323091984e+09
1.694640246423090935e+09
1.694640246523091078e+09
1.694640246623085976e+09
1.694640246723086119e+09
1.694640246823086023e+09
1.694640246923085928e+09
1.694640247023086071e+09
1.694640247123085976e+09
1.694640247223086119e+09
1.694640247323086023e+09
1.694640247423085928e+09
1.694640247523086071e+09
1.694640247623073101e+09
1.694640247723072052e+09
1.694640247823071957e+09
1.694640247923072100e+09
1.694640248023072004e+09
1.694640248123071909e+09
1.694640248223072052e+09
1.694640248323071957e+09
1.694640248423073053e+09
1.694640248523073912e+09
1.694640248623075962e+09
1.694640248723076105e+09
1.694640248823076010e+09
1.694640248923075914e+09
1.694640249023076057e+09
1.694640249123075962e+09
1.694640249223076105e+09
1.694640249323076010e+09
1.694640249423075914e+09
1.694640249523076057e+09
1.694640249623114109e+09
1.694640249723114014e+09
1.694640249823113918e+09
1.694640249923114061e+09
1.694640250023113966e+09
1.694640250123114109e+09
1.694640250223114014e+09
1.694640250323113918e+09
1.694640250423114061e+09
1.694640250523113966e+09
1.694640250623100042e+09
1.694640250723099947e+09
1.694640250823100090e+09
1.694640250923099041e+09
1.694640251023099899e+09
1.694640251123100042e+09
1.694640251223099947e+09
1.694640251323100090e+09
1.694640251423099041e+09
1.694640251523099899e+09
1.694640251623100042e+09
1.694640251723099947e+09
1.694640251823100090e+09
1.694640251923099995e+09
1.694640252023101091e+09
1.694640252123101950e+09
1.694640252223100901e+09
1.694640252323101044e+09
1.694640252423100948e+09
1.694640252523101091e+09
1.694640252623099089e+09
1.694640252723098993e+09
1.694640252823098898e+09
1.694640252923099041e+09
1.694640253023098946e+09
1.694640253123099089e+09
1.694640253223098993e+09
1.694640253323098898e+09
1.694640253423099041e+09
1.694640253523099899e+09
1.694640253623101950e+09
1.694640253723103046e+09
1.694640253823101997e+09
1.694640253923103094e+09
1.694640254023102045e+09
1.694640254123101950e+09
1.694640254223103046e+09
1.694640254323101997e+09
1.694640254423103094e+09
1.694640254523102045e+09
1.694640254623112917e+09
1.694640254723113060e+09
1.694640254823112965e+09
1.694640254923113108e+09
1.694640255023113012e+09
1.694640255123112917e+09
1.694640255223113060e+09
1.694640255323112965e+09
1.694640255423113108e+09
1.694640255523113012e+09
1.694640255623101950e+09
1.694640255723102093e+09
1.694640255823101997e+09
1.694640255923101902e+09
1.694640256023102045e+09
1.694640256123101950e+09
1.694640256223102093e+09
1.694640256323101997e+09
1.694640256423101902e+09
1.694640256523102045e+09
1.694640256623131037e+09
1.694640256723130941e+09
1.694640256823131084e+09
1.694640256923130989e+09
1.694640257023130894e+09
1.694640257123131037e+09
1.694640257223130941e+09
1.694640257323131084e+09
1.694640257423130989e+09
1.694640257523130894e+09
1.694640257623116970e+09
1.694640257723117113e+09
1.694640257823117018e+09
1.694640257923116922e+09
1.694640258023117065e+09
1.694640258123116970e+09
1.694640258223117113e+09
1.694640258323117018e+09
1.694640258423118114e+09
1.694640258523117065e+09
1.694640258623140097e+09
1.694640258723139048e+09
1.694640258823138952e+09
1.694640258923139095e+09
1.694640259023139000e+09
1.694640259123138905e+09
1.694640259223139048e+09
1.694640259323138952e+09
1.694640259423139095e+09
1.694640259523139000e+09
1.694640259623169899e+09
1.694640259723170042e+09
1.694640259823169947e+09
1.694640259923170090e+09
1.694640260023169994e+09
1.694640260123169899e+09
1.694640260223170042e+09
1.694640260323169947e+09
1.694640260423170090e+09
1.694640260523169994e+09
1.694640260623200893e+09
1.694640260723201036e+09
1.694640260823200941e+09
1.694640260923201084e+09
1.694640261023200989e+09
1.694640261123200893e+09
1.694640261223201036e+09
1.694640261323200941e+09
1.694640261423201084e+09
1.694640261523200989e+09
1.694640261623215914e+09
1.694640261723216057e+09
1.694640261823215961e+09
1.694640261923216105e+09
1.694640262023216009e+09
1.694640262123215914e+09
1.694640262223216057e+09
1.694640262323215961e+09
1.694640262423216105e+09
1.694640262523216009e+09
1.694640262623208046e+09
1.694640262723207951e+09
1.694640262823208094e+09
1.694640262923207998e+09
1.694640263023207903e+09
1.694640263123208046e+09
1.694640263223207951e+09
1.694640263323208094e+09
1.694640263423207998e+09
1.694640263523207903e+09
1.694640263623193026e+09
1.694640263723192930e+09
1.694640263823193073e+09
1.694640263923192978e+09
1.694640264023192883e+09
1.694640264123193026e+09
1.694640264223192930e+09
1.694640264323193073e+09
1.694640264423192978e+09
1.694640264523192883e+09
1.694640264623213053e+09
1.694640264723212957e+09
1.694640264823213100e+09
