1.694640232627831697e+09
1.694640232727869034e+09
1.694640232827868700e+09
1.694640232927869320e+09
1.694640233027829885e+09
1.694640233127881289e+09
1.694640233227878571e+09
1.694640233327873945e+09
1.694640233427869797e+09
1.694640233527872324e+09
1.694640233627851248e+09
1.694640233727870941e+09
1.694640233827847242e+09
1.694640233927869081e+09
1.694640234027870893e+09
1.694640234127874136e+09
1.694640234227870226e+09
1.694640234327871323e+09
1.694640234427886248e+09
1.694640234527871370e+09
1.694640234627893448e+09
1.694640234727870703e+09
1.694640234827870369e+09
1.694640234927888155e+09
1.694640235027845144e+09
1.694640235127869844e+09
1.694640235227869987e+09
1.694640235327868223e+09
1.694640235427871943e+09
1.694640235527874947e+09
1.694640235627845764e+09
1.694640235727870941e+09
1.694640235827887535e+09
1.694640235927871943e+09
1.694640236027853966e+09
1.694640236127867222e+09
1.694640236227890491e+09
1.694640236327867508e+09
1.694640236427886009e+09
1.694640236527872086e+09
1.694640236627873182e+09
1.694640236727883816e+09
1.694640236827839375e+09
1.694640236927840471e+09
1.694640237027888060e+09
1.694640237127866983e+09
1.694640237227866650e+09
1.694640237327880621e+09
1.694640237427869320e+09
1.694640237527865648e+09
1.694640237627870798e+09
1.694640237727868557e+09
1.694640237827869177e+09
1.694640237927867651e+09
1.694640238027866602e+09
1.694640238127865553e+09
1.694640238227866650e+09
1.694640238327867031e+09
1.694640238427867174e+09
1.694640238527868748e+09
1.694640238627867937e+09
1.694640238727867126e+09
1.694640238827869654e+09
1.694640238927829027e+09
1.694640239027867556e+09
1.694640239127868652e+09
1.694640239227887630e+09
1.694640239327867508e+09
1.694640239427883625e+09
1.694640239527881145e+09
1.694640239627870321e+09
1.694640239727890968e+09
1.694640239827869177e+09
1.694640239927862644e+09
1.694640240027887344e+09
1.694640240127867937e+09
1.694640240227871180e+09
1.694640240327835560e+09
1.694640240427866459e+09
1.694640240527865410e+09
1.694640240627868891e+09
1.694640240727900267e+09
1.694640240827867031e+09
1.694640240927867413e+09
1.694640241027822256e+09
1.694640241127866745e+09
1.694640241227866411e+09
1.694640241327866316e+09
1.694640241427829742e+09
1.694640241527869940e+09
1.694640241627877951e+09
1.694640241727868557e+09
1.694640241827868462e+09
1.694640241927875280e+09
1.694640242027868986e+09
1.694640242127868652e+09
1.694640242227868080e+09
1.694640242327826977e+09
1.694640242427888393e+09
1.694640242518230200e+09
1.694640242627892017e+09
1.694640242727871656e+09
1.694640242827870607e+09
1.694640242927868843e+09
1.694640243027869701e+09
1.694640243127861023e+09
1.694640243227892876e+09
1.694640243327867270e+09
1.694640243427859783e+09
1.694640243527874947e+09
1.694640243627879858e+09
1.694640243727870703e+09
1.694640243827883005e+09
1.694640243927879095e+09
1.694640244027916193e+09
1.694640244127883673e+09
1.694640244227845907e+09
1.694640244327866793e+09
1.694640244427868128e+09
1.694640244527822256e+09
1.694640244627878189e+09
1.694640244727861404e+09
1.694640244827897072e+09
1.694640244918268681e+09
1.694640245027868509e+09
1.694640245127871037e+09
1.694640245227890968e+09
1.694640245327874184e+09
1.694640245427868128e+09
1.694640245527889252e+09
1.694640245627877474e+09
1.694640245727881432e+09
1.694640245827878952e+09
1.694640245927869558e+09
1.694640246027890205e+09
1.694640246118227482e+09
1.694640246227888346e+09
1.694640246327872992e+09
1.694640246427882671e+09
1.694640246527919769e+09
1.694640246627881527e+09
1.694640246727872610e+09
1.694640246827903271e+09
1.694640246927870035e+09
1.694640247027855396e+09
1.694640247118239641e+09
1.694640247227908611e+09
1.694640247318159580e+09
1.694640247427886963e+09
1.694640247527876139e+09
1.694640247627882719e+09
1.694640247718190432e+09
1.694640247827880144e+09
1.694640247927883387e+09
1.694640248018189430e+09
1.694640248127870560e+09
1.694640248227858543e+09
1.694640248327933550e+09
1.694640248427878380e+09
1.694640248527878761e+09
1.694640248627886534e+09
1.694640248718256474e+09
1.694640248827879667e+09
1.694640248927880764e+09
1.694640249027879715e+09
1.694640249127879858e+09
1.694640249227885485e+09
1.694640249327887058e+09
1.694640249427883625e+09
1.694640249527889729e+09
1.694640249618196249e+09
1.694640249727917910e+09
1.694640249827846289e+09
1.694640249927903652e+09
1.694640250027921438e+09
1.694640250118195295e+09
1.694640250218284607e+09
1.694640250327913284e+09
1.694640250427876949e+09
1.694640250527889967e+09
1.694640250627881527e+09
1.694640250718205452e+09
1.694640250827879906e+09
1.694640250927887678e+09
1.694640251027880192e+09
1.694640251127903938e+09
1.694640251218203783e+09
1.694640251327886820e+09
1.694640251427881956e+09
1.694640251527875185e+09
1.694640251627874613e+09
1.694640251727924347e+09
1.694640251827879667e+09
1.694640251927881479e+09
1.694640252018193007e+09
1.694640252127881050e+09
1.694640252227845430e+09
1.694640252327889919e+09
1.694640252427840233e+09
1.694640252527878046e+09
1.694640252627885342e+09
1.694640252727885723e+09
1.694640252827877283e+09
1.694640252927877903e+09
1.694640253027880430e+09
1.694640253127874851e+09
1.694640253227901220e+09
1.694640253327857256e+09
1.694640253427870989e+09
1.694640253527879477e+09
1.694640253627877235e+09
1.694640253727905989e+09
1.694640253827883720e+09
1.694640253927874327e+09
1.694640254027917862e+09
1.694640254127946854e+09
1.694640254227885962e+09
1.694640254318198681e+09
1.694640254427876949e+09
1.694640254527848244e+09
1.694640254627875566e+09
1.694640254727876186e+09
1.694640254827884197e+09
1.694640254927881002e+09
1.694640255027880430e+09
1.694640255127876759e+09
1.694640255227904558e+09
1.694640255327878952e+09
1.694640255427892447e+09
1.694640255527879000e+09
1.694640255627878189e+09
1.694640255727934361e+09
1.694640255827891350e+09
1.694640255927878857e+09
1.694640256027921915e+09
1.694640256127872705e+09
1.694640256227882624e+09
1.694640256327874660e+09
1.694640256427874804e+09
1.694640256527877808e+09
1.694640256627875090e+09
1.694640256727884293e+09
1.694640256827903032e+09
1.694640256927881956e+09
1.694640257027894497e+09
1.694640257127924442e+09
1.694640257227882624e+09
1.694640257327890396e+09
1.694640257427872181e+09
1.694640257527899504e+09
1.694640257618096352e+09
1.694640257727898836e+09
1.694640257827829123e+09
1.694640257927894115e+09
1.694640258027880907e+09
1.694640258127902508e+09
1.694640258227880239e+09
1.694640258327936888e+09
1.694640258427878857e+09
1.694640258527885437e+09
1.694640258627840281e+09
1.694640258727882147e+09
1.694640258827864408e+09
1.694640258927876711e+09
1.694640259027874708e+09
1.694640259127892017e+09
1.694640259227907181e+09
1.694640259327881575e+09
1.694640259427877188e+09
1.694640259527875900e+09
1.694640259627878666e+09
1.694640259727856636e+09
1.694640259827876329e+09
1.694640259927926779e+09
1.694640260027912378e+09
1.694640260127879858e+09
1.694640260227901697e+09
1.694640260327879906e+09
1.694640260427891016e+09
1.694640260527877808e+09
1.694640260618190765e+09
1.694640260727898836e+09
1.694640260827878475e+09
1.694640260927874804e+09
1.694640261027875423e+09
1.694640261127892494e+09
1.694640261227923393e+09
1.694640261327874899e+09
1.694640261427873850e+09
1.694640261527876377e+09
1.694640261627875328e+09
1.694640261727895975e+09
1.694640261827835083e+09
1.694640261927872896e+09
1.694640262027903080e+09
1.694640262127889633e+09
1.694640262227890253e+09
1.694640262327903271e+09
1.694640262427879333e+09
1.694640262527899742e+09
1.694640262627884150e+09
1.694640262727870941e+09
1.694640262827858925e+09
1.694640262927873135e+09
1.694640263027873993e+09
1.694640263127874613e+09
1.694640263227878571e+09
1.694640263327844143e+09
1.694640263427839756e+09
1.694640263527886152e+09
1.694640263627882957e+09
1.694640263727886677e+09
1.694640263827933788e+09
1.694640263927884340e+09
1.694640264027873993e+09
1.694640264127885103e+09
1.694640264227885485e+09
1.694640264327879190e+09
1.694640264427907467e+09
1.694640264527916670e+09
1.694640264627873421e+09
1.694640264727857351e+09
1.694640264827896118e+09
