1.698955296114761353e+09
1.698955296214762688e+09
1.698955296314774752e+09
1.698955296414770126e+09
1.698955296514709711e+09
1.698955296614788532e+09
1.698955296714766026e+09
1.698955296814763546e+09
1.698955296914712429e+09
1.698955297014757872e+09
1.698955297114759445e+09
1.698955297214796543e+09
1.698955297314774036e+09
1.698955297414777279e+09
1.698955297514756918e+09
1.698955297614784718e+09
1.698955297714760542e+09
1.698955297814762831e+09
1.698955297914774179e+09
1.698955298014756441e+09
1.698955298114761114e+09
1.698955298214787483e+09
1.698955298314757586e+09
1.698955298414783955e+09
1.698955298514766693e+09
1.698955298614754677e+09
1.698955298714751720e+09
1.698955298814771891e+09
1.698955298914790630e+09
1.698955299014738798e+09
1.698955299114758015e+09
1.698955299214783669e+09
1.698955299314757824e+09
1.698955299414772034e+09
1.698955299514760971e+09
1.698955299614780664e+09
1.698955299714724779e+09
1.698955299814759731e+09
1.698955299914776087e+09
1.698955300014741182e+09
1.698955300114758015e+09
1.698955300214759111e+09
1.698955300314768314e+09
1.698955300414787769e+09
1.698955300514767885e+09
1.698955300614772558e+09
1.698955300714787722e+09
1.698955300814763784e+09
1.698955300914762259e+09
1.698955301014781952e+09
1.698955301114770412e+09
1.698955301214765549e+09
1.698955301314758778e+09
1.698955301414757252e+09
1.698955301514791489e+09
1.698955301614792824e+09
1.698955301714786530e+09
1.698955301814765453e+09
1.698955301914757967e+09
1.698955302014776468e+09
1.698955302114758253e+09
1.698955302214774132e+09
1.698955302314776421e+09
1.698955302414781570e+09
1.698955302514773369e+09
1.698955302614773989e+09
1.698955302714760542e+09
1.698955302814777851e+09
1.698955302914756775e+09
1.698955303014764786e+09
1.698955303114766836e+09
1.698955303214767218e+09
1.698955303314756632e+09
1.698955303414757252e+09
1.698955303514725924e+09
1.698955303614770174e+09
1.698955303714757442e+09
1.698955303814759254e+09
1.698955303914756775e+09
1.698955304014773369e+09
1.698955304114759922e+09
1.698955304214758873e+09
1.698955304314757824e+09
1.698955304414756060e+09
1.698955304514759064e+09
1.698955304614755869e+09
1.698955304714756489e+09
1.698955304814772606e+09
1.698955304914756536e+09
1.698955305014777422e+09
1.698955305114772797e+09
1.698955305214769602e+09
1.698955305314741373e+09
1.698955305414740562e+09
1.698955305514758110e+09
1.698955305614768505e+09
1.698955305714757919e+09
1.698955305814755917e+09
1.698955305914758682e+09
1.698955306014769077e+09
1.698955306114760399e+09
1.698955306214757681e+09
1.698955306314757347e+09
1.698955306414763212e+09
1.698955306514758587e+09
1.698955306614756107e+09
1.698955306714780092e+09
1.698955306814757586e+09
1.698955306914793491e+09
1.698955307014727116e+09
1.698955307114758015e+09
1.698955307214759350e+09
1.698955307314761400e+09
1.698955307414759398e+09
1.698955307514766693e+09
1.698955307614759445e+09
1.698955307714756966e+09
1.698955307814764500e+09
1.698955307914758921e+09
1.698955308014801502e+09
1.698955308114775658e+09
1.698955308214767694e+09
1.698955308314759016e+09
1.698955308414757490e+09
1.698955308514771461e+09
1.698955308614766359e+09
1.698955308714770555e+09
1.698955308814770222e+09
1.698955308914776802e+09
1.698955309014821768e+09
1.698955309114740849e+09
1.698955309214772224e+09
1.698955309314800978e+09
1.698955309414806128e+09
1.698955309514735937e+09
1.698955309614730358e+09
1.698955309714824438e+09
1.698955309814770460e+09
1.698955309914758444e+09
1.698955310014796019e+09
1.698955310114771366e+09
1.698955310214809179e+09
1.698955310314783812e+09
1.698955310414770603e+09
1.698955310514770508e+09
1.698955310614818811e+09
1.698955310714780807e+09
1.698955310814740658e+09
1.698955310914768934e+09
1.698955311014778137e+09
1.698955311114765167e+09
1.698955311214808464e+09
1.698955311314759970e+09
1.698955311414798737e+09
1.698955311514768839e+09
1.698955311614762306e+09
1.698955311714762449e+09
1.698955311814762115e+09
1.698955311914769411e+09
1.698955312014772177e+09
1.698955312114769697e+09
1.698955312214771986e+09
1.698955312314780235e+09
1.698955312414765358e+09
1.698955312514766216e+09
1.698955312614793062e+09
1.698955312714767456e+09
1.698955312814793348e+09
1.698955312914772272e+09
1.698955313014766932e+09
1.698955313114766359e+09
1.698955313214770079e+09
1.698955313314815760e+09
1.698955313414780617e+09
1.698955313514769793e+09
1.698955313614829063e+09
1.698955313714784622e+09
1.698955313814783335e+09
1.698955313914833069e+09
1.698955314014766693e+09
1.698955314114795208e+09
1.698955314214771748e+09
1.698955314314788342e+09
1.698955314414772034e+09
1.698955314514770746e+09
1.698955314614769220e+09
1.698955314714814186e+09
1.698955314814769268e+09
1.698955314914798737e+09
1.698955315014803886e+09
1.698955315114765406e+09
1.698955315214783192e+09
1.698955315314800262e+09
1.698955315414793730e+09
1.698955315514807224e+09
1.698955315614767790e+09
1.698955315714787960e+09
1.698955315814801693e+09
1.698955315914769411e+09
1.698955316014782906e+09
1.698955316114813328e+09
1.698955316214765787e+09
1.698955316314790487e+09
1.698955316414777040e+09
1.698955316514762163e+09
1.698955316614791155e+09
1.698955316714774132e+09
1.698955316814822197e+09
1.698955316914764881e+09
1.698955317014774084e+09
1.698955317114761829e+09
1.698955317214780807e+09
1.698955317314770937e+09
1.698955317414763451e+09
1.698955317514807701e+09
1.698955317614770651e+09
1.698955317714768887e+09
1.698955317814778328e+09
1.698955317914767265e+09
1.698955318014766216e+09
1.698955318114794493e+09
1.698955318214779377e+09
1.698955318314760447e+09
1.698955318414763212e+09
1.698955318514778376e+09
1.698955318614791632e+09
1.698955318714769602e+09
1.698955318814791203e+09
1.698955318914796114e+09
1.698955319014757872e+09
1.698955319114763975e+09
1.698955319214769125e+09
1.698955319314767599e+09
1.698955319414769650e+09
1.698955319514764786e+09
1.698955319614764690e+09
1.698955319714797974e+09
1.698955319814762592e+09
1.698955319914780378e+09
1.698955320014787197e+09
1.698955320114802599e+09
1.698955320214774132e+09
1.698955320314799309e+09
1.698955320414770365e+09
1.698955320514767170e+09
1.698955320614764690e+09
1.698955320714766264e+09
1.698955320814767599e+09
1.698955320914801598e+09
1.698955321014763117e+09
1.698955321114762306e+09
1.698955321214801550e+09
1.698955321314768791e+09
1.698955321414786339e+09
1.698955321514768839e+09
1.698955321614765406e+09
1.698955321714766264e+09
1.698955321814766169e+09
1.698955321914759636e+09
1.698955322014763355e+09
1.698955322114765882e+09
1.698955322214779377e+09
1.698955322314736605e+09
1.698955322414762020e+09
1.698955322514797926e+09
1.698955322614763498e+09
1.698955322714744329e+09
1.698955322814772606e+09
1.698955322914763689e+09
1.698955323014783144e+09
1.698955323114789724e+09
1.698955323214783907e+09
1.698955323314775944e+09
1.698955323414758444e+09
1.698955323514791727e+09
1.698955323614778042e+09
1.698955323714787483e+09
1.698955323814791203e+09
1.698955323914759874e+09
1.698955324014795303e+09
1.698955324114762783e+09
1.698955324214765310e+09
1.698955324314763546e+09
1.698955324414760590e+09
1.698955324514760733e+09
1.698955324614766359e+09
1.698955324714768410e+09
1.698955324814784050e+09
1.698955324914766550e+09
1.698955325014787674e+09
1.698955325114800692e+09
1.698955325214774370e+09
1.698955325314792156e+09
1.698955325414757013e+09
1.698955325514766932e+09
1.698955325614788055e+09
1.698955325714766026e+09
1.698955325814768076e+09
1.698955325914802074e+09
1.698955326014763594e+09
1.698955326114763975e+09
1.698955326214724541e+09
1.698955326314762354e+09
1.698955326414761305e+09
1.698955326514797449e+09
1.698955326614789724e+09
1.698955326714766741e+09
1.698955326814785004e+09
1.698955326914776802e+09
1.698955327014784098e+09
1.698955327114785194e+09
1.698955327214791775e+09
1.698955327314784765e+09
1.698955327414728642e+09
1.698955327514739990e+09
1.698955327614785910e+09
1.698955327714760542e+09
1.698955327814781904e+09
1.698955327914760828e+09
1.698955328014764071e+09
1.698955328114762068e+09
1.698955328214805365e+09
1.698955328314764023e+09
1.698955328414762497e+09
1.698955328514754295e+09
1.698955328614775658e+09
1.698955328714813709e+09
1.698955328814791441e+09
1.698955328914773464e+09
1.698955329014740944e+09
1.698955329114765644e+09
1.698955329214763880e+09
1.698955329314769745e+09
1.698955329414762974e+09
1.698955329514753342e+09
1.698955329614759684e+09
1.698955329714770555e+09
1.698955329814783335e+09
1.698955329914763451e+09
1.698955330014761925e+09
1.698955330114770889e+09
1.698955330214787483e+09
1.698955330314774513e+09
1.698955330414787531e+09
1.698955330514766693e+09
1.698955330614778757e+09
1.698955330714774609e+09
1.698955330814767838e+09
1.698955330914786100e+09
1.698955331014761448e+09
1.698955331114764690e+09
1.698955331214775085e+09
1.698955331314772129e+09
1.698955331414772749e+09
1.698955331514764547e+09
1.698955331614771843e+09
1.698955331714782953e+09
1.698955331814772844e+09
1.698955331914765835e+09
1.698955332014781952e+09
1.698955332114788294e+09
1.698955332214730740e+09
1.698955332314762115e+09
1.698955332414788246e+09
1.698955332514784813e+09
1.698955332614789724e+09
1.698955332714774370e+09
1.698955332814779520e+09
1.698955332914760590e+09
1.698955333014771461e+09
1.698955333114726067e+09
1.698955333214761972e+09
1.698955333314770460e+09
1.698955333414760113e+09
1.698955333514785051e+09
1.698955333614771843e+09
1.698955333714761972e+09
1.698955333814785004e+09
1.698955333914762020e+09
1.698955334014768839e+09
1.698955334114795923e+09
1.698955334214774847e+09
1.698955334314788342e+09
1.698955334414741755e+09
1.698955334514755726e+09
1.698955334614788771e+09
1.698955334714778185e+09
1.698955334814748049e+09
1.698955334914786816e+09
1.698955335014746904e+09
1.698955335114758730e+09
1.698955335214759111e+09
1.698955335314709663e+09
1.698955335414774179e+09
1.698955335514772892e+09
1.698955335614759922e+09
1.698955335714784384e+09
1.698955335814762831e+09
1.698955335914754868e+09
1.698955336014781713e+09
1.698955336114760399e+09
1.698955336214719772e+09
1.698955336314824343e+09
1.698955336414750814e+09
1.698955336514776468e+09
1.698955336614763975e+09
1.698955336714759350e+09
1.698955336814780951e+09
1.698955336914716721e+09
1.698955337014761686e+09
1.698955337114761591e+09
1.698955337214761257e+09
1.698955337314726114e+09
1.698955337414759398e+09
1.698955337514778137e+09
1.698955337614762306e+09
1.698955337714759588e+09
1.698955337814804792e+09
1.698955337914759874e+09
1.698955338014773607e+09
1.698955338114771366e+09
1.698955338214760303e+09
1.698955338314760447e+09
1.698955338414761543e+09
1.698955338514779091e+09
1.698955338614762545e+09
1.698955338714740992e+09
1.698955338814774275e+09
1.698955338914719343e+09
1.698955339014758587e+09
1.698955339114779234e+09
1.698955339214759111e+09
1.698955339314762831e+09
1.698955339414759398e+09
1.698955339514775753e+09
1.698955339614779949e+09
1.698955339714741230e+09
1.698955339814719915e+09
1.698955339914777517e+09
1.698955340014777660e+09
1.698955340114758730e+09
1.698955340214758635e+09
1.698955340314757586e+09
1.698955340414737463e+09
1.698955340514770985e+09
1.698955340614759684e+09
1.698955340714772940e+09
1.698955340814777374e+09
1.698955340914759159e+09
1.698955341014758825e+09
1.698955341114785910e+09
1.698955341214770079e+09
1.698955341314778328e+09
1.698955341414757729e+09
1.698955341514759302e+09
1.698955341614791393e+09
1.698955341714775562e+09
1.698955341814764977e+09
1.698955341914745092e+09
1.698955342014759064e+09
1.698955342114770174e+09
1.698955342214728117e+09
1.698955342314761639e+09
1.698955342414718628e+09
1.698955342514777422e+09
1.698955342614757776e+09
1.698955342714727879e+09
1.698955342814773321e+09
1.698955342914774656e+09
1.698955343014780998e+09
1.698955343114759207e+09
1.698955343214757204e+09
1.698955343314772606e+09
1.698955343414759398e+09
1.698955343514778376e+09
1.698955343614757538e+09
1.698955343714760780e+09
1.698955343814772844e+09
1.698955343914758921e+09
1.698955344014757872e+09
1.698955344114770412e+09
1.698955344214769602e+09
1.698955344314772844e+09
1.698955344414759398e+09
1.698955344514770746e+09
1.698955344614759684e+09
1.698955344714747667e+09
1.698955344814711332e+09
1.698955344914776087e+09
1.698955345014780760e+09
1.698955345114733458e+09
1.698955345214760542e+09
1.698955345314758778e+09
1.698955345414757967e+09
1.698955345514778852e+09
1.698955345614768744e+09
1.698955345714758635e+09
1.698955345814754486e+09
1.698955345914779663e+09
1.698955346014776707e+09
1.698955346114774227e+09
1.698955346214758873e+09
1.698955346314782858e+09
1.698955346414776802e+09
1.698955346514775276e+09
1.698955346614773512e+09
1.698955346714756727e+09
1.698955346814764023e+09
1.698955346914777756e+09
1.698955347014739990e+09
1.698955347114757538e+09
1.698955347214780331e+09
1.698955347314762115e+09
1.698955347414727926e+09
1.698955347514769316e+09
1.698955347614758730e+09
1.698955347714769602e+09
1.698955347814758062e+09
1.698955347914773941e+09
1.698955348014782667e+09
1.698955348114786386e+09
1.698955348214771032e+09
1.698955348314774513e+09
1.698955348414757729e+09
1.698955348514767170e+09
1.698955348614788055e+09
1.698955348714757442e+09
1.698955348814759016e+09
1.698955348914775372e+09
1.698955349014781952e+09
1.698955349114758015e+09
1.698955349214756727e+09
1.698955349314771891e+09
1.698955349414709806e+09
1.698955349514779806e+09
1.698955349614759445e+09
1.698955349714761496e+09
1.698955349814772367e+09
1.698955349914758682e+09
1.698955350014758825e+09
1.698955350114779949e+09
1.698955350214760065e+09
1.698955350314774752e+09
1.698955350414774179e+09
1.698955350514737129e+09
1.698955350614775419e+09
1.698955350714776278e+09
1.698955350814714432e+09
1.698955350914783955e+09
1.698955351014759302e+09
1.698955351114743710e+09
1.698955351214776278e+09
1.698955351314783335e+09
1.698955351414769411e+09
1.698955351514762163e+09
1.698955351614720106e+09
1.698955351714787722e+09
1.698955351814760923e+09
1.698955351914761066e+09
1.698955352014778614e+09
1.698955352114779472e+09
1.698955352214760542e+09
1.698955352314771414e+09
1.698955352414769888e+09
1.698955352514758110e+09
1.698955352614730835e+09
1.698955352714757681e+09
1.698955352814758301e+09
1.698955352914770603e+09
1.698955353014760733e+09
1.698955353114766121e+09
1.698955353214769125e+09
1.698955353314759493e+09
1.698955353414771318e+09
1.698955353514780045e+09
1.698955353614763975e+09
1.698955353714769602e+09
1.698955353814776421e+09
1.698955353914757490e+09
1.698955354014772415e+09
1.698955354114772797e+09
1.698955354214757442e+09
1.698955354314777851e+09
1.698955354414757967e+09
1.698955354514758110e+09
1.698955354614773750e+09
1.698955354714770794e+09
1.698955354814758062e+09
1.698955354914788008e+09
1.698955355014763832e+09
1.698955355114769459e+09
1.698955355214747667e+09
1.698955355314726353e+09
1.698955355414758921e+09
1.698955355514760971e+09
1.698955355614736080e+09
1.698955355714780807e+09
1.698955355814761400e+09
1.698955355914758921e+09
1.698955356014780760e+09
1.698955356114758968e+09
1.698955356214756727e+09
1.698955356314758062e+09
1.698955356414740562e+09
1.698955356514779806e+09
1.698955356614770412e+09
1.698955356714774370e+09
1.698955356814779758e+09
1.698955356914752245e+09
1.698955357014768362e+09
1.698955357114771843e+09
1.698955357214757204e+09
1.698955357314759970e+09
1.698955357414761543e+09
1.698955357514756918e+09
1.698955357614779949e+09
1.698955357714757919e+09
1.698955357814747334e+09
1.698955357914826393e+09
1.698955358014740229e+09
1.698955358114758492e+09
1.698955358214769840e+09
1.698955358314763784e+09
1.698955358414757967e+09
1.698955358514778852e+09
1.698955358614763498e+09
1.698955358714762926e+09
1.698955358814770699e+09
1.698955358914778471e+09
1.698955359014760017e+09
1.698955359114765882e+09
1.698955359214782953e+09
1.698955359314763784e+09
1.698955359414767742e+09
1.698955359514761686e+09
1.698955359614828825e+09
1.698955359714770555e+09
1.698955359814805269e+09
1.698955359914764643e+09
1.698955360014761448e+09
1.698955360114764929e+09
1.698955360214766502e+09
1.698955360314764261e+09
1.698955360414759636e+09
1.698955360514780760e+09
1.698955360614768744e+09
1.698955360714759350e+09
1.698955360814764977e+09
1.698955360914766788e+09
1.698955361014833212e+09
1.698955361114773035e+09
1.698955361214765310e+09
1.698955361314796209e+09
1.698955361414760590e+09
1.698955361514768600e+09
1.698955361614805937e+09
1.698955361714739561e+09
1.698955361814768553e+09
1.698955361914808035e+09
1.698955362014762402e+09
1.698955362114772558e+09
1.698955362214773178e+09
1.698955362314770699e+09
1.698955362414764166e+09
1.698955362514809132e+09
1.698955362614773750e+09
1.698955362714776516e+09
1.698955362814806223e+09
1.698955362914778709e+09
1.698955363014772177e+09
1.698955363114789963e+09
1.698955363214799166e+09
1.698955363314810753e+09
1.698955363414818525e+09
1.698955363514765024e+09
1.698955363614790440e+09
1.698955363714802265e+09
1.698955363814806938e+09
1.698955363914792538e+09
1.698955364014740705e+09
1.698955364114764452e+09
1.698955364214768887e+09
1.698955364314769030e+09
1.698955364414780140e+09
1.698955364514809608e+09
1.698955364614767551e+09
1.698955364714773417e+09
1.698955364814803362e+09
1.698955364914774895e+09
1.698955365014845133e+09
1.698955365114817619e+09
1.698955365214720964e+09
1.698955365314783573e+09
1.698955365414800167e+09
1.698955365514763355e+09
1.698955365614792585e+09
1.698955365714767218e+09
1.698955365814768553e+09
1.698955365914767742e+09
1.698955366014809370e+09
1.698955366114778519e+09
1.698955366214762926e+09
1.698955366314777374e+09
1.698955366414766788e+09
1.698955366514818668e+09
1.698955366614764929e+09
1.698955366714743137e+09
1.698955366814776897e+09
1.698955366914744139e+09
1.698955367014795303e+09
1.698955367114812136e+09
1.698955367214779139e+09
1.698955367314781666e+09
1.698955367414796591e+09
1.698955367514765739e+09
1.698955367614789009e+09
1.698955367714794159e+09
1.698955367814771414e+09
1.698955367914792299e+09
1.698955368014760971e+09
1.698955368114794016e+09
1.698955368214762688e+09
1.698955368314769268e+09
1.698955368414762974e+09
1.698955368514797449e+09
1.698955368614768982e+09
1.698955368714787006e+09
1.698955368814789057e+09
1.698955368914782286e+09
1.698955369014814854e+09
1.698955369114798307e+09
1.698955369214763880e+09
1.698955369314779758e+09
1.698955369414768696e+09
1.698955369514769077e+09
1.698955369614784002e+09
1.698955369714774370e+09
1.698955369814800978e+09
1.698955369914795160e+09
1.698955370014767408e+09
1.698955370114767551e+09
1.698955370214763641e+09
1.698955370314782858e+09
1.698955370414765358e+09
1.698955370514786243e+09
1.698955370614765167e+09
1.698955370714766264e+09
1.698955370814795494e+09
1.698955370914760828e+09
1.698955371014763355e+09
1.698955371114787102e+09
1.698955371214787483e+09
1.698955371314798355e+09
1.698955371414792538e+09
1.698955371514762640e+09
1.698955371614807606e+09
1.698955371714774132e+09
1.698955371814766407e+09
1.698955371914804220e+09
1.698955372014820337e+09
1.698955372114763260e+09
1.698955372214748383e+09
1.698955372314755201e+09
1.698955372414764881e+09
1.698955372514807224e+09
1.698955372614762783e+09
1.698955372714768648e+09
1.698955372814787149e+09
1.698955372914789915e+09
1.698955373014795542e+09
1.698955373114806890e+09
1.698955373214716673e+09
1.698955373314782619e+09
1.698955373414762974e+09
1.698955373514765501e+09
1.698955373614771605e+09
1.698955373714764833e+09
1.698955373814781189e+09
1.698955373914764166e+09
1.698955374014766693e+09
1.698955374114763498e+09
1.698955374214759827e+09
1.698955374314759493e+09
1.698955374414763212e+09
1.698955374514767885e+09
1.698955374614767313e+09
1.698955374714767218e+09
1.698955374814775467e+09
1.698955374914781809e+09
1.698955375014763594e+09
1.698955375114791870e+09
1.698955375214771271e+09
1.698955375314800024e+09
1.698955375414781570e+09
1.698955375514767408e+09
1.698955375614800930e+09
1.698955375714778900e+09
1.698955375814763308e+09
1.698955375914798260e+09
1.698955376014762163e+09
1.698955376114761591e+09
1.698955376214776993e+09
1.698955376314759970e+09
1.698955376414762735e+09
1.698955376514772654e+09
1.698955376614762068e+09
1.698955376714759350e+09
1.698955376814779043e+09
1.698955376914780378e+09
1.698955377014785767e+09
1.698955377114798546e+09
1.698955377214768648e+09
1.698955377314788342e+09
1.698955377414757490e+09
1.698955377514779568e+09
1.698955377614783287e+09
1.698955377714775324e+09
1.698955377814759970e+09
1.698955377914791584e+09
1.698955378014762163e+09
1.698955378114762783e+09
1.698955378214761734e+09
1.698955378314774990e+09
1.698955378414764881e+09
1.698955378514767170e+09
1.698955378614762783e+09
1.698955378714770555e+09
1.698955378814787388e+09
1.698955378914735556e+09
1.698955379014762640e+09
1.698955379114791393e+09
1.698955379214771986e+09
1.698955379314785719e+09
1.698955379414809227e+09
1.698955379514734507e+09
1.698955379614789963e+09
1.698955379714782000e+09
1.698955379814785719e+09
1.698955379914788246e+09
1.698955380014773369e+09
1.698955380114760160e+09
1.698955380214742899e+09
1.698955380314787626e+09
1.698955380414775133e+09
1.698955380514788866e+09
1.698955380614761114e+09
1.698955380714776278e+09
1.698955380814798355e+09
1.698955380914728880e+09
1.698955381014776945e+09
1.698955381114787579e+09
1.698955381214759350e+09
1.698955381314777374e+09
1.698955381414761305e+09
1.698955381514763594e+09
1.698955381614802361e+09
1.698955381714761257e+09
1.698955381814763308e+09
1.698955381914763212e+09
1.698955382014764071e+09
1.698955382114757299e+09
1.698955382214763403e+09
1.698955382314759731e+09
1.698955382414765596e+09
1.698955382514800072e+09
1.698955382614786625e+09
1.698955382714761734e+09
1.698955382814786196e+09
1.698955382914803743e+09
1.698955383014803886e+09
1.698955383114788771e+09
1.698955383214779377e+09
1.698955383314801693e+09
1.698955383414762497e+09
1.698955383514797688e+09
1.698955383614747524e+09
1.698955383714779377e+09
1.698955383814786911e+09
1.698955383914758682e+09
1.698955384014737844e+09
1.698955384114759445e+09
1.698955384214789867e+09
1.698955384314765930e+09
1.698955384414789200e+09
1.698955384514769316e+09
1.698955384614736080e+09
1.698955384714786291e+09
1.698955384814783812e+09
1.698955384914759398e+09
1.698955385014797926e+09
1.698955385114760876e+09
1.698955385214762211e+09
1.698955385314723969e+09
1.698955385414761066e+09
1.698955385514780998e+09
1.698955385614789009e+09
1.698955385714761019e+09
1.698955385814764500e+09
1.698955385914749622e+09
1.698955386014760494e+09
1.698955386114716291e+09
1.698955386214725971e+09
1.698955386314760208e+09
1.698955386414761066e+09
1.698955386514784336e+09
1.698955386614725351e+09
1.698955386714761019e+09
1.698955386814781427e+09
1.698955386914759874e+09
1.698955387014758110e+09
1.698955387114774942e+09
1.698955387214774132e+09
1.698955387314780474e+09
1.698955387414758682e+09
1.698955387514785290e+09
1.698955387614761114e+09
1.698955387714762449e+09
1.698955387814791679e+09
1.698955387914760351e+09
1.698955388014759302e+09
1.698955388114765167e+09
1.698955388214731216e+09
1.698955388314761162e+09
1.698955388414779902e+09
1.698955388514771938e+09
1.698955388614713430e+09
1.698955388714777470e+09
1.698955388814760208e+09
1.698955388914736986e+09
1.698955389014777660e+09
1.698955389114780426e+09
1.698955389214761257e+09
1.698955389314761400e+09
1.698955389414780140e+09
1.698955389514772177e+09
1.698955389614777803e+09
1.698955389714760542e+09
1.698955389814759254e+09
1.698955389914777279e+09
1.698955390014759779e+09
1.698955390114780426e+09
1.698955390214761496e+09
1.698955390314761639e+09
1.698955390414760351e+09
1.698955390514777660e+09
1.698955390614762306e+09
1.698955390714773417e+09
1.698955390814777613e+09
1.698955390914719343e+09
1.698955391014760494e+09
1.698955391114776611e+09
1.698955391214773178e+09
1.698955391314755678e+09
1.698955391414770842e+09
1.698955391514737129e+09
1.698955391614760399e+09
1.698955391714759827e+09
1.698955391814777851e+09
1.698955391914760351e+09
1.698955392014757633e+09
1.698955392114755392e+09
1.698955392214778662e+09
1.698955392314757824e+09
1.698955392414791107e+09
1.698955392514730453e+09
1.698955392614751101e+09
1.698955392714772701e+09
1.698955392814769268e+09
1.698955392914746284e+09
1.698955393014726877e+09
1.698955393114756823e+09
1.698955393214758873e+09
1.698955393314758062e+09
1.698955393414758444e+09
1.698955393514728069e+09
1.698955393614756584e+09
1.698955393714756966e+09
1.698955393814769745e+09
1.698955393914757013e+09
1.698955394014768600e+09
1.698955394114773273e+09
1.698955394214756966e+09
1.698955394314770222e+09
1.698955394414759874e+09
1.698955394514758348e+09
1.698955394614774942e+09
1.698955394714757919e+09
1.698955394814758539e+09
1.698955394914760828e+09
1.698955395014756680e+09
1.698955395114755869e+09
1.698955395214779615e+09
1.698955395314750433e+09
1.698955395414769411e+09
1.698955395514758587e+09
1.698955395614758730e+09
1.698955395714778662e+09
1.698955395814771414e+09
1.698955395914758921e+09
1.698955396014791727e+09
1.698955396114769220e+09
1.698955396214773417e+09
1.698955396314739466e+09
1.698955396414757967e+09
1.698955396514768362e+09
1.698955396614757538e+09
1.698955396714758873e+09
1.698955396814777136e+09
1.698955396914758205e+09
1.698955397014749765e+09
1.698955397114756346e+09
1.698955397214769840e+09
1.698955397314727545e+09
1.698955397414787054e+09
1.698955397514790773e+09
1.698955397614760637e+09
1.698955397714789391e+09
1.698955397814765692e+09
1.698955397914758921e+09
1.698955398014788389e+09
1.698955398114773035e+09
1.698955398214765310e+09
1.698955398314765453e+09
1.698955398414757490e+09
1.698955398514773846e+09
1.698955398614769459e+09
1.698955398714758396e+09
1.698955398814769268e+09
1.698955398914769650e+09
1.698955399014760971e+09
1.698955399114782333e+09
1.698955399214756966e+09
1.698955399314762115e+09
1.698955399414773703e+09
1.698955399514756918e+09
1.698955399614776373e+09
1.698955399714738369e+09
1.698955399814760685e+09
1.698955399914773703e+09
1.698955400014757872e+09
1.698955400114772558e+09
1.698955400214758873e+09
1.698955400314759016e+09
1.698955400414758921e+09
1.698955400514790773e+09
1.698955400614760876e+09
1.698955400714769125e+09
1.698955400814789772e+09
1.698955400914751053e+09
1.698955401014758110e+09
1.698955401114747763e+09
1.698955401214771748e+09
1.698955401314770937e+09
1.698955401414759159e+09
1.698955401514759541e+09
1.698955401614740372e+09
1.698955401714755297e+09
1.698955401814758301e+09
1.698955401914720297e+09
1.698955402014758348e+09
1.698955402114759207e+09
1.698955402214758635e+09
1.698955402314759731e+09
1.698955402414759874e+09
1.698955402514778852e+09
1.698955402614758968e+09
1.698955402714757681e+09
1.698955402814761400e+09
1.698955402914758444e+09
1.698955403014779806e+09
1.698955403114764690e+09
1.698955403214782476e+09
1.698955403314761162e+09
1.698955403414782524e+09
1.698955403514770508e+09
1.698955403614777088e+09
1.698955403714761972e+09
1.698955403814725399e+09
1.698955403914776325e+09
1.698955404014759302e+09
1.698955404114772797e+09
1.698955404214758396e+09
1.698955404314759493e+09
1.698955404414763927e+09
1.698955404514773369e+09
1.698955404614757299e+09
1.698955404714758396e+09
1.698955404814776182e+09
1.698955404914768219e+09
1.698955405014755964e+09
1.698955405114743471e+09
1.698955405214790583e+09
1.698955405314719915e+09
1.698955405414777279e+09
1.698955405514756918e+09
1.698955405614793539e+09
1.698955405714727879e+09
1.698955405814758062e+09
1.698955405914775372e+09
1.698955406014760971e+09
1.698955406114759207e+09
1.698955406214709044e+09
1.698955406314770222e+09
1.698955406414757013e+09
1.698955406514767885e+09
1.698955406614759445e+09
1.698955406714757681e+09
1.698955406814772606e+09
1.698955406914750814e+09
1.698955407014770746e+09
1.698955407114769697e+09
1.698955407214767218e+09
1.698955407314778328e+09
1.698955407414768219e+09
1.698955407514758587e+09
1.698955407614769936e+09
1.698955407714767218e+09
1.698955407814760447e+09
1.698955407914771080e+09
1.698955408014773846e+09
1.698955408114759207e+09
1.698955408214757204e+09
1.698955408314758301e+09
1.698955408414761066e+09
1.698955408514775991e+09
1.698955408614721775e+09
1.698955408714759827e+09
1.698955408814775944e+09
1.698955408914757490e+09
1.698955409014756918e+09
1.698955409114777327e+09
1.698955409214757919e+09
1.698955409314766407e+09
1.698955409414758682e+09
1.698955409514767885e+09
1.698955409614768028e+09
1.698955409714760303e+09
1.698955409814783096e+09
1.698955409914794922e+09
1.698955410014772892e+09
1.698955410114760637e+09
1.698955410214772224e+09
1.698955410314759254e+09
1.698955410414770365e+09
1.698955410514784336e+09
1.698955410614757776e+09
1.698955410714756727e+09
1.698955410814784527e+09
1.698955410914770842e+09
1.698955411014777422e+09
1.698955411114769220e+09
1.698955411214766502e+09
1.698955411314807415e+09
1.698955411414763451e+09
1.698955411514781713e+09
1.698955411614765644e+09
1.698955411714782953e+09
1.698955411814771414e+09
1.698955411914771318e+09
1.698955412014744759e+09
1.698955412114765882e+09
1.698955412214759350e+09
1.698955412314771175e+09
1.698955412414758444e+09
1.698955412514818430e+09
1.698955412614771128e+09
1.698955412714767933e+09
1.698955412814809084e+09
1.698955412914782047e+09
1.698955413014768124e+09
1.698955413114809036e+09
1.698955413214780569e+09
1.698955413314759016e+09
1.698955413414785624e+09
1.698955413514811993e+09
1.698955413614766359e+09
1.698955413714775324e+09
1.698955413814751148e+09
1.698955413914835453e+09
1.698955414014834642e+09
1.698955414114804983e+09
1.698955414214766741e+09
1.698955414314768791e+09
1.698955414414768934e+09
1.698955414514728785e+09
1.698955414614770174e+09
1.698955414714769125e+09
1.698955414814775944e+09
1.698955414914768219e+09
1.698955415014771938e+09
1.698955415114815235e+09
1.698955415214770079e+09
1.698955415314771175e+09
1.698955415414777517e+09
1.698955415514776945e+09
1.698955415614789724e+09
1.698955415714771271e+09
1.698955415814772367e+09
1.698955415914799929e+09
1.698955416014771700e+09
1.698955416114768505e+09
1.698955416214767218e+09
1.698955416314771175e+09
1.698955416414768934e+09
1.698955416514801979e+09
1.698955416614771366e+09
1.698955416714772224e+09
1.698955416814794302e+09
1.698955416914788008e+09
1.698955417014768600e+09
1.698955417114771605e+09
1.698955417214790106e+09
1.698955417314768553e+09
1.698955417414822102e+09
1.698955417514770508e+09
1.698955417614781857e+09
1.698955417714830875e+09
1.698955417814764977e+09
1.698955417914758205e+09
1.698955418014789343e+09
1.698955418114766359e+09
1.698955418214765310e+09
1.698955418314768553e+09
1.698955418414770603e+09
1.698955418514821053e+09
1.698955418614769697e+09
1.698955418714764595e+09
1.698955418814754963e+09
1.698955418914765835e+09
1.698955419014734268e+09
1.698955419114796162e+09
1.698955419214766026e+09
1.698955419314780712e+09
1.698955419414797306e+09
1.698955419514779568e+09
1.698955419614798784e+09
1.698955419714786291e+09
1.698955419814762831e+09
1.698955419914787292e+09
1.698955420014799833e+09
1.698955420114763737e+09
1.698955420214780331e+09
1.698955420314777851e+09
1.698955420414767742e+09
1.698955420514803410e+09
1.698955420614769697e+09
1.698955420714792013e+09
1.698955420814793348e+09
1.698955420914802074e+09
1.698955421014794350e+09
1.698955421114793062e+09
1.698955421214761496e+09
1.698955421314795971e+09
1.698955421414780140e+09
1.698955421514773369e+09
1.698955421614786148e+09
1.698955421714786053e+09
1.698955421814775467e+09
1.698955421914791107e+09
1.698955422014766216e+09
1.698955422114765406e+09
1.698955422214763880e+09
1.698955422314776182e+09
1.698955422414735794e+09
1.698955422514764071e+09
1.698955422614781618e+09
1.698955422714763403e+09
1.698955422814802885e+09
1.698955422914762497e+09
1.698955423014769077e+09
1.698955423114811897e+09
1.698955423214822769e+09
1.698955423314759970e+09
1.698955423414792538e+09
1.698955423514766932e+09
1.698955423614811420e+09
1.698955423714761972e+09
1.698955423814778566e+09
1.698955423914801836e+09
1.698955424014747143e+09
1.698955424114765882e+09
1.698955424214777470e+09
1.698955424314772367e+09
1.698955424414782524e+09
1.698955424514763117e+09
1.698955424614767790e+09
1.698955424714778900e+09
1.698955424814760447e+09
1.698955424914790154e+09
1.698955425014763117e+09
1.698955425114795208e+09
1.698955425214737415e+09
1.698955425314778090e+09
1.698955425414800882e+09
1.698955425514762878e+09
1.698955425614785671e+09
1.698955425714765310e+09
1.698955425814767122e+09
1.698955425914769173e+09
1.698955426014762163e+09
1.698955426114765406e+09
1.698955426214766979e+09
1.698955426314763546e+09
1.698955426414775133e+09
1.698955426514778614e+09
1.698955426614775658e+09
1.698955426714761734e+09
1.698955426814807892e+09
1.698955426914779663e+09
1.698955427014761448e+09
1.698955427114785671e+09
1.698955427214781284e+09
1.698955427314816713e+09
1.698955427414772272e+09
1.698955427514788151e+09
1.698955427614775896e+09
1.698955427714765310e+09
1.698955427814779043e+09
1.698955427914778709e+09
1.698955428014771938e+09
1.698955428114768267e+09
1.698955428214801311e+09
1.698955428314764500e+09
1.698955428414780855e+09
1.698955428514776707e+09
1.698955428614734888e+09
1.698955428714797974e+09
1.698955428814786196e+09
1.698955428914763212e+09
1.698955429014784336e+09
1.698955429114765167e+09
1.698955429214745045e+09
1.698955429314763784e+09
1.698955429414771080e+09
1.698955429514756918e+09
1.698955429614762545e+09
1.698955429714759827e+09
1.698955429814796925e+09
1.698955429914762497e+09
1.698955430014761448e+09
1.698955430114787579e+09
1.698955430214762926e+09
1.698955430314756632e+09
1.698955430414817572e+09
1.698955430514757633e+09
1.698955430614809036e+09
1.698955430714757681e+09
1.698955430814778328e+09
1.698955430914747477e+09
1.698955431014764071e+09
1.698955431114742517e+09
1.698955431214774370e+09
1.698955431314760685e+09
1.698955431414761305e+09
1.698955431514759064e+09
1.698955431614759922e+09
1.698955431714778900e+09
1.698955431814777613e+09
1.698955431914760590e+09
1.698955432014762878e+09
1.698955432114812374e+09
1.698955432214772463e+09
1.698955432314777136e+09
1.698955432414786100e+09
1.698955432514759779e+09
1.698955432614776134e+09
1.698955432714727879e+09
1.698955432814763308e+09
1.698955432914765358e+09
1.698955433014772177e+09
1.698955433114785910e+09
1.698955433214759588e+09
1.698955433314761877e+09
1.698955433414773226e+09
1.698955433514789820e+09
1.698955433614764452e+09
1.698955433714764357e+09
1.698955433814779520e+09
1.698955433914784431e+09
1.698955434014768839e+09
1.698955434114779472e+09
1.698955434214763880e+09
1.698955434314784288e+09
1.698955434414720774e+09
1.698955434514763832e+09
1.698955434614761829e+09
1.698955434714755535e+09
1.698955434814741850e+09
1.698955434914759636e+09
1.698955435014752626e+09
1.698955435114790201e+09
1.698955435214787722e+09
1.698955435314774513e+09
1.698955435414761543e+09
1.698955435514760256e+09
1.698955435614783049e+09
1.698955435714761972e+09
1.698955435814765453e+09
1.698955435914771557e+09
1.698955436014771938e+09
1.698955436114758968e+09
1.698955436214775085e+09
1.698955436314773560e+09
1.698955436414761782e+09
1.698955436514776945e+09
1.698955436614773273e+09
1.698955436714770794e+09
1.698955436814715624e+09
1.698955436914771080e+09
1.698955437014760971e+09
1.698955437114775658e+09
1.698955437214760303e+09
1.698955437314760208e+09
1.698955437414787292e+09
1.698955437514770269e+09
1.698955437614784956e+09
1.698955437714773893e+09
1.698955437814732790e+09
1.698955437914772511e+09
1.698955438014760971e+09
1.698955438114727497e+09
1.698955438214736938e+09
1.698955438314759731e+09
1.698955438414759159e+09
1.698955438514760733e+09
1.698955438614763975e+09
1.698955438714727640e+09
1.698955438814731359e+09
1.698955438914760590e+09
1.698955439014770269e+09
1.698955439114760399e+09
1.698955439214741230e+09
1.698955439314759254e+09
1.698955439414792061e+09
1.698955439514761686e+09
1.698955439614779234e+09
1.698955439714733839e+09
1.698955439814761400e+09
1.698955439914777756e+09
1.698955440014737368e+09
1.698955440114760876e+09
1.698955440214759111e+09
1.698955440314759493e+09
1.698955440414760113e+09
1.698955440514782906e+09
1.698955440614761114e+09
1.698955440714763403e+09
1.698955440814778328e+09
1.698955440914771795e+09
1.698955441014758587e+09
1.698955441114786148e+09
1.698955441214779377e+09
1.698955441314772844e+09
1.698955441414770365e+09
1.698955441514758587e+09
1.698955441614770889e+09
1.698955441714761257e+09
1.698955441814750195e+09
1.698955441914777279e+09
1.698955442014760256e+09
1.698955442114768505e+09
1.698955442214762211e+09
1.698955442314772606e+09
1.698955442414778233e+09
1.698955442514762640e+09
1.698955442614759445e+09
1.698955442714737177e+09
1.698955442814764023e+09
1.698955442914758682e+09
1.698955443014774323e+09
1.698955443114760160e+09
1.698955443214757442e+09
1.698955443314757109e+09
1.698955443414769650e+09
1.698955443514760256e+09
1.698955443614758492e+09
1.698955443714763165e+09
1.698955443814786673e+09
1.698955443914758205e+09
1.698955444014760494e+09
1.698955444114778280e+09
1.698955444214769602e+09
1.698955444314766407e+09
1.698955444414730310e+09
1.698955444514756441e+09
1.698955444614757776e+09
1.698955444714757681e+09
1.698955444814769506e+09
1.698955444914775133e+09
1.698955445014757872e+09
1.698955445114758968e+09
1.698955445214769840e+09
1.698955445314734697e+09
1.698955445414777040e+09
1.698955445514757395e+09
1.698955445614768267e+09
1.698955445714776039e+09
1.698955445814756155e+09
1.698955445914737225e+09
1.698955446014722586e+09
1.698955446114755154e+09
1.698955446214758635e+09
1.698955446314756870e+09
1.698955446414759636e+09
1.698955446514760733e+09
1.698955446614759922e+09
1.698955446714768648e+09
1.698955446814790249e+09
1.698955446914759874e+09
1.698955447014758110e+09
1.698955447114787340e+09
1.698955447214796066e+09
1.698955447314785004e+09
1.698955447414757013e+09
1.698955447514757872e+09
1.698955447614785671e+09
1.698955447714763880e+09
1.698955447814760685e+09
1.698955447914780378e+09
1.698955448014761686e+09
1.698955448114733458e+09
1.698955448214769125e+09
1.698955448314758539e+09
1.698955448414746523e+09
1.698955448514773607e+09
1.698955448614759684e+09
1.698955448714788675e+09
1.698955448814760208e+09
1.698955448914759398e+09
1.698955449014780760e+09
1.698955449114758492e+09
1.698955449214728832e+09
1.698955449314759970e+09
1.698955449414787769e+09
1.698955449514780760e+09
1.698955449614758968e+09
1.698955449714781046e+09
1.698955449814718485e+09
1.698955449914780617e+09
1.698955450014756918e+09
1.698955450114768982e+09
1.698955450214759111e+09
1.698955450314720631e+09
1.698955450414759636e+09
1.698955450514797449e+09
1.698955450614742517e+09
1.698955450714758635e+09
1.698955450814784050e+09
1.698955450914762259e+09
1.698955451014763832e+09
1.698955451114752769e+09
1.698955451214778662e+09
1.698955451314759254e+09
1.698955451414773226e+09
1.698955451514758825e+09
1.698955451614756823e+09
1.698955451714786291e+09
1.698955451814728975e+09
1.698955451914739847e+09
1.698955452014776945e+09
1.698955452114762068e+09
1.698955452214774847e+09
1.698955452314761162e+09
1.698955452414781332e+09
1.698955452514758348e+09
1.698955452614795685e+09
1.698955452714776278e+09
1.698955452814756632e+09
1.698955452914758921e+09
1.698955453014770985e+09
1.698955453114770889e+09
1.698955453214735508e+09
1.698955453314759493e+09
1.698955453414759636e+09
1.698955453514771938e+09
1.698955453614772558e+09
1.698955453714764833e+09
1.698955453814745665e+09
1.698955453914765835e+09
1.698955454014761448e+09
1.698955454114780188e+09
1.698955454214752913e+09
1.698955454314781189e+09
1.698955454414760113e+09
1.698955454514758348e+09
1.698955454614794254e+09
1.698955454714731693e+09
1.698955454814787149e+09
1.698955454914769411e+09
1.698955455014759302e+09
1.698955455114763498e+09
1.698955455214761257e+09
1.698955455314757586e+09
1.698955455414757013e+09
1.698955455514735460e+09
1.698955455614786625e+09
1.698955455714773893e+09
1.698955455814772367e+09
1.698955455914772272e+09
1.698955456014775991e+09
1.698955456114772081e+09
1.698955456214757204e+09
1.698955456314793110e+09
1.698955456414757967e+09
1.698955456514788389e+09
1.698955456614757299e+09
1.698955456714757681e+09
1.698955456814771175e+09
1.698955456914749861e+09
1.698955457014757156e+09
1.698955457114737272e+09
1.698955457214755535e+09
1.698955457314782381e+09
1.698955457414758205e+09
1.698955457514783382e+09
1.698955457614759922e+09
1.698955457714763403e+09
1.698955457814757347e+09
1.698955457914737701e+09
1.698955458014757156e+09
1.698955458114784956e+09
1.698955458214757681e+09
1.698955458314776421e+09
1.698955458414738417e+09
1.698955458514771938e+09
1.698955458614757061e+09
1.698955458714757919e+09
1.698955458814773321e+09
1.698955458914758444e+09
1.698955459014758110e+09
1.698955459114770412e+09
1.698955459214760065e+09
1.698955459314757347e+09
1.698955459414773703e+09
1.698955459514758110e+09
1.698955459614757776e+09
1.698955459714770794e+09
1.698955459814757347e+09
1.698955459914770842e+09
1.698955460014770508e+09
1.698955460114757776e+09
1.698955460214772701e+09
1.698955460314760447e+09
1.698955460414736986e+09
1.698955460514758825e+09
1.698955460614759445e+09
1.698955460714780331e+09
1.698955460814770937e+09
1.698955460914731026e+09
1.698955461014759064e+09
1.698955461114746094e+09
1.698955461214774847e+09
1.698955461314761639e+09
1.698955461414760590e+09
1.698955461514768600e+09
1.698955461614768505e+09
1.698955461714759350e+09
1.698955461814760208e+09
1.698955461914757490e+09
1.698955462014758587e+09
1.698955462114811897e+09
1.698955462214780807e+09
1.698955462314777851e+09
1.698955462414771795e+09
1.698955462514778137e+09
1.698955462614758253e+09
1.698955462714784622e+09
1.698955462814811945e+09
1.698955462914769173e+09
1.698955463014791965e+09
1.698955463114772797e+09
1.698955463214762211e+09
1.698955463314781666e+09
1.698955463414760351e+09
1.698955463514796972e+09
1.698955463614758968e+09
1.698955463714767456e+09
1.698955463814789534e+09
1.698955463914765835e+09
1.698955464014737844e+09
1.698955464114776611e+09
1.698955464214778662e+09
1.698955464314729214e+09
1.698955464414732933e+09
1.698955464514771700e+09
1.698955464614767551e+09
1.698955464714763165e+09
1.698955464814759970e+09
1.698955464914825439e+09
1.698955465014760733e+09
1.698955465114820004e+09
1.698955465214812756e+09
1.698955465314772606e+09
1.698955465414813519e+09
1.698955465514767408e+09
1.698955465614821434e+09
1.698955465714777946e+09
1.698955465814766407e+09
1.698955465914804220e+09
1.698955466014766455e+09
1.698955466114780664e+09
1.698955466214774847e+09
1.698955466314790964e+09
1.698955466414771557e+09
1.698955466514746189e+09
1.698955466614773989e+09
1.698955466714803219e+09
1.698955466814766884e+09
1.698955466914809227e+09
1.698955467014763832e+09
1.698955467114766359e+09
1.698955467214745522e+09
1.698955467314821482e+09
1.698955467414772511e+09
1.698955467514799833e+09
1.698955467614768028e+09
1.698955467714835405e+09
1.698955467814767599e+09
1.698955467914736748e+09
1.698955468014804363e+09
1.698955468114772797e+09
1.698955468214803696e+09
1.698955468314743280e+09
1.698955468414744139e+09
1.698955468514792919e+09
1.698955468614768982e+09
1.698955468714766979e+09
1.698955468814776897e+09
1.698955468914772987e+09
1.698955469014806509e+09
1.698955469114731550e+09
1.698955469214765072e+09
1.698955469314767361e+09
1.698955469414759398e+09
1.698955469514797449e+09
1.698955469614766121e+09
1.698955469714769363e+09
1.698955469814809799e+09
1.698955469914784670e+09
1.698955470014771223e+09
1.698955470114793301e+09
1.698955470214779377e+09
1.698955470314799070e+09
1.698955470414776802e+09
1.698955470514762640e+09
1.698955470614825964e+09
1.698955470714765310e+09
1.698955470814763308e+09
1.698955470914808989e+09
1.698955471014763355e+09
1.698955471114769697e+09
1.698955471214808941e+09
1.698955471314765215e+09
1.698955471414810419e+09
1.698955471514794111e+09
1.698955471614766121e+09
1.698955471714748383e+09
1.698955471814779043e+09
1.698955471914767742e+09
1.698955472014816761e+09
1.698955472114795208e+09
1.698955472214781761e+09
1.698955472314761877e+09
1.698955472414776802e+09
1.698955472514764309e+09
1.698955472614797354e+09
1.698955472714763403e+09
1.698955472814798594e+09
1.698955472914792299e+09
1.698955473014811754e+09
1.698955473114767313e+09
1.698955473214789867e+09
1.698955473314760923e+09
1.698955473414764404e+09
1.698955473514794588e+09
1.698955473614761591e+09
1.698955473714761972e+09
1.698955473814782143e+09
1.698955473914771795e+09
1.698955474014774084e+09
1.698955474114771128e+09
1.698955474214769125e+09
1.698955474314801455e+09
1.698955474414784908e+09
1.698955474514764071e+09
1.698955474614779711e+09
1.698955474714803696e+09
1.698955474814781427e+09
1.698955474914763212e+09
1.698955475014797449e+09
1.698955475114776134e+09
1.698955475214738369e+09
1.698955475314792395e+09
1.698955475414765596e+09
1.698955475514780521e+09
1.698955475614769459e+09
1.698955475714774609e+09
1.698955475814768314e+09
1.698955475914776325e+09
1.698955476014788866e+09
1.698955476114767790e+09
1.698955476214776039e+09
1.698955476314781904e+09
1.698955476414774656e+09
1.698955476514789343e+09
1.698955476614766359e+09
1.698955476714764833e+09
1.698955476814802170e+09
1.698955476914764404e+09
1.698955477014759779e+09
1.698955477114764929e+09
1.698955477214761734e+09
1.698955477314762592e+09
1.698955477414760828e+09
1.698955477514763594e+09
1.698955477614744186e+09
1.698955477714781046e+09
1.698955477814761877e+09
1.698955477914788723e+09
1.698955478014779091e+09
1.698955478114751816e+09
1.698955478214781761e+09
1.698955478314763069e+09
1.698955478414780855e+09
1.698955478514754772e+09
1.698955478614805937e+09
1.698955478714764118e+09
1.698955478814774990e+09
1.698955478914784193e+09
1.698955479014762402e+09
1.698955479114757538e+09
1.698955479214716196e+09
1.698955479314747095e+09
1.698955479414749146e+09
1.698955479514773846e+09
1.698955479614788771e+09
1.698955479714764357e+09
1.698955479814760685e+09
1.698955479914763689e+09
1.698955480014765739e+09
1.698955480114763021e+09
1.698955480214722633e+09
1.698955480314771652e+09
1.698955480414760828e+09
1.698955480514718294e+09
1.698955480614811897e+09
1.698955480714761734e+09
1.698955480814762115e+09
1.698955480914762974e+09
1.698955481014750719e+09
1.698955481114763975e+09
1.698955481214773893e+09
1.698955481314744234e+09
1.698955481414772511e+09
1.698955481514761209e+09
1.698955481614766121e+09
1.698955481714786768e+09
1.698955481814763784e+09
1.698955481914777517e+09
1.698955482014812708e+09
1.698955482114774227e+09
1.698955482214778185e+09
1.698955482314762115e+09
1.698955482414761782e+09
1.698955482514784575e+09
1.698955482614762306e+09
1.698955482714761734e+09
1.698955482814782619e+09
1.698955482914757252e+09
1.698955483014794111e+09
1.698955483114763498e+09
1.698955483214775324e+09
1.698955483314713001e+09
1.698955483414757967e+09
1.698955483514796495e+09
1.698955483614750147e+09
1.698955483714778423e+09
1.698955483814788103e+09
1.698955483914760590e+09
1.698955484014794827e+09
1.698955484114759922e+09
1.698955484214778185e+09
1.698955484314771891e+09
1.698955484414760351e+09
1.698955484514780521e+09
1.698955484614762068e+09
1.698955484714726448e+09
1.698955484814756632e+09
1.698955484914760590e+09
1.698955485014770508e+09
1.698955485114774704e+09
1.698955485214758873e+09
1.698955485314762592e+09
1.698955485414763451e+09
1.698955485514759302e+09
1.698955485614760399e+09
1.698955485714762211e+09
1.698955485814760447e+09
1.698955485914763212e+09
1.698955486014782429e+09
1.698955486114761353e+09
1.698955486214777946e+09
1.698955486314760685e+09
1.698955486414789438e+09
1.698955486514765978e+09
1.698955486614786148e+09
1.698955486714759588e+09
1.698955486814760447e+09
1.698955486914786100e+09
1.698955487014760256e+09
1.698955487114773512e+09
1.698955487214795113e+09
1.698955487314775467e+09
1.698955487414785147e+09
1.698955487514772892e+09
1.698955487614775181e+09
1.698955487714758635e+09
1.698955487814758539e+09
1.698955487914812326e+09
1.698955488014762163e+09
1.698955488114769697e+09
1.698955488214757681e+09
1.698955488314728737e+09
1.698955488414762735e+09
1.698955488514772415e+09
1.698955488614761353e+09
1.698955488714757681e+09
1.698955488814762115e+09
1.698955488914758682e+09
1.698955489014775515e+09
1.698955489114758730e+09
1.698955489214757919e+09
1.698955489314771414e+09
1.698955489414758921e+09
1.698955489514761448e+09
1.698955489614773750e+09
1.698955489714760780e+09
1.698955489814769506e+09
1.698955489914770126e+09
1.698955490014776468e+09
1.698955490114759922e+09
1.698955490214760780e+09
1.698955490314759731e+09
1.698955490414761782e+09
1.698955490514778137e+09
1.698955490614759207e+09
1.698955490714759827e+09
1.698955490814775705e+09
1.698955490914763689e+09
1.698955491014744759e+09
1.698955491114775181e+09
1.698955491214761019e+09
1.698955491314778328e+09
1.698955491414760828e+09
1.698955491514778376e+09
1.698955491614760399e+09
1.698955491714760065e+09
1.698955491814771175e+09
1.698955491914771557e+09
1.698955492014760017e+09
1.698955492114791393e+09
1.698955492214771748e+09
1.698955492314779043e+09
1.698955492414750099e+09
1.698955492514775515e+09
1.698955492614761114e+09
1.698955492714758635e+09
1.698955492814787626e+09
1.698955492914762735e+09
1.698955493014759541e+09
1.698955493114774942e+09
1.698955493214772463e+09
1.698955493314784050e+09
1.698955493414759398e+09
1.698955493514764309e+09
1.698955493614778757e+09
1.698955493714752197e+09
1.698955493814743757e+09
1.698955493914775372e+09
1.698955494014772892e+09
1.698955494114771605e+09
1.698955494214757919e+09
1.698955494314758539e+09
1.698955494414758921e+09
1.698955494514734507e+09
1.698955494614769936e+09
1.698955494714758635e+09
1.698955494814758778e+09
1.698955494914760590e+09
1.698955495014787912e+09
1.698955495114776611e+09
1.698955495214759111e+09
1.698955495314767599e+09
1.698955495414768219e+09
1.698955495514758587e+09
1.698955495614758253e+09
1.698955495714758158e+09
1.698955495814756393e+09
1.698955495914756775e+09
1.698955496014757156e+09
1.698955496114768505e+09
1.698955496214758635e+09
1.698955496314758062e+09
1.698955496414758444e+09
1.698955496514735460e+09
1.698955496614756107e+09
1.698955496714768887e+09
1.698955496814747334e+09
1.698955496914757013e+09
1.698955497014795303e+09
1.698955497114758968e+09
1.698955497214767218e+09
1.698955497314758539e+09
1.698955497414707899e+09
1.698955497514756680e+09
1.698955497614768028e+09
1.698955497714759588e+09
1.698955497814767838e+09
1.698955497914759159e+09
1.698955498014757633e+09
1.698955498114781857e+09
1.698955498214756966e+09
1.698955498314759731e+09
1.698955498414780855e+09
1.698955498514768362e+09
1.698955498614758253e+09
1.698955498714777708e+09
1.698955498814769268e+09
1.698955498914767504e+09
1.698955499014799356e+09
1.698955499114757299e+09
1.698955499214757442e+09
1.698955499314775467e+09
1.698955499414759874e+09
1.698955499514766216e+09
1.698955499614759922e+09
1.698955499714780807e+09
1.698955499814757109e+09
1.698955499914759398e+09
1.698955500014786243e+09
1.698955500114768744e+09
1.698955500214743137e+09
1.698955500314756632e+09
1.698955500414758682e+09
1.698955500514762402e+09
1.698955500614758730e+09
1.698955500714759827e+09
1.698955500814764500e+09
1.698955500914783478e+09
1.698955501014754772e+09
1.698955501114763021e+09
1.698955501214776993e+09
1.698955501314758539e+09
1.698955501414796352e+09
1.698955501514758587e+09
1.698955501614788532e+09
1.698955501714794397e+09
1.698955501814768314e+09
1.698955501914773226e+09
1.698955502014757633e+09
1.698955502114726782e+09
1.698955502214774132e+09
1.698955502314747095e+09
1.698955502414773703e+09
1.698955502514763117e+09
1.698955502614760160e+09
1.698955502714788198e+09
1.698955502814773798e+09
1.698955502914758444e+09
1.698955503014755726e+09
1.698955503114771843e+09
1.698955503214781761e+09
1.698955503314759016e+09
1.698955503414757729e+09
1.698955503514764309e+09
1.698955503614782572e+09
1.698955503714770317e+09
1.698955503814774275e+09
1.698955503914758444e+09
1.698955504014745951e+09
1.698955504114786148e+09
1.698955504214757681e+09
1.698955504314772844e+09
1.698955504414759636e+09
1.698955504514765978e+09
1.698955504614775896e+09
1.698955504714760065e+09
1.698955504814759731e+09
1.698955504914772749e+09
1.698955505014763117e+09
1.698955505114759922e+09
1.698955505214736462e+09
1.698955505314758301e+09
1.698955505414774656e+09
1.698955505514759541e+09
1.698955505614779949e+09
1.698955505714776039e+09
1.698955505814772129e+09
1.698955505914771557e+09
1.698955506014778614e+09
1.698955506114731789e+09
1.698955506214760542e+09
1.698955506314769268e+09
1.698955506414771318e+09
1.698955506514758587e+09
1.698955506614772320e+09
1.698955506714757919e+09
1.698955506814758539e+09
1.698955506914780140e+09
1.698955507014758110e+09
1.698955507114758968e+09
1.698955507214774132e+09
1.698955507314759970e+09
1.698955507414776325e+09
1.698955507514756441e+09
1.698955507614784002e+09
1.698955507714720488e+09
1.698955507814759016e+09
1.698955507914788961e+09
1.698955508014724493e+09
1.698955508114755869e+09
1.698955508214759350e+09
1.698955508314756393e+09
1.698955508414723396e+09
1.698955508514756918e+09
1.698955508614746332e+09
1.698955508714768171e+09
1.698955508814769268e+09
1.698955508914758921e+09
1.698955509014775515e+09
1.698955509114757538e+09
1.698955509214725494e+09
1.698955509314770222e+09
1.698955509414771557e+09
1.698955509514755964e+09
1.698955509614756107e+09
1.698955509714772463e+09
1.698955509814757824e+09
1.698955509914756060e+09
1.698955510014756680e+09
1.698955510114758968e+09
1.698955510214780807e+09
1.698955510314748287e+09
1.698955510414761305e+09
1.698955510514771938e+09
1.698955510614757538e+09
1.698955510714755774e+09
1.698955510814759254e+09
1.698955510914756298e+09
1.698955511014756918e+09
1.698955511114766359e+09
1.698955511214734077e+09
1.698955511314759731e+09
1.698955511414767027e+09
1.698955511514806986e+09
