1.698955296136180401e+09
1.698955296238657475e+09
1.698955296336657047e+09
1.698955296436216593e+09
1.698955296536419630e+09
1.698955296637046576e+09
1.698955296736287355e+09
1.698955296837063313e+09
1.698955296936301470e+09
1.698955297039284945e+09
1.698955297137526274e+09
1.698955297239006281e+09
1.698955297336092472e+09
1.698955297397943258e+09
1.698955297537747383e+09
1.698955297639605522e+09
1.698955297735942364e+09
1.698955297835774660e+09
1.698955297937742472e+09
1.698955298036179781e+09
1.698955298119509459e+09
1.698955298238246918e+09
1.698955298339069366e+09
1.698955298437061787e+09
1.698955298539523840e+09
1.698955298594706297e+09
1.698955298738283396e+09
1.698955298840389490e+09
1.698955298936811686e+09
1.698955298999797344e+09
1.698955299137503624e+09
1.698955299236852169e+09
1.698955299323748350e+09
1.698955299438373804e+09
1.698955299539843798e+09
1.698955299638818264e+09
1.698955299738427877e+09
1.698955299796094179e+09
1.698955299939980745e+09
1.698955299995566607e+09
1.698955300137840033e+09
1.698955300196195841e+09
1.698955300339418411e+09
1.698955300438822269e+09
1.698955300532761335e+09
1.698955300639786243e+09
1.698955300733872890e+09
1.698955300838269949e+09
1.698955300939451694e+09
1.698955301039725780e+09
1.698955301136091232e+09
1.698955301234790325e+09
1.698955301335425615e+09
1.698955301435102224e+09
1.698955301534166574e+09
1.698955301596701384e+09
1.698955301736493587e+09
1.698955301828950644e+09
1.698955301934702396e+09
1.698955302034529448e+09
1.698955302134790897e+09
1.698955302233245850e+09
1.698955302334095955e+09
1.698955302436096430e+09
1.698955302535879612e+09
1.698955302634518147e+09
1.698955302734127760e+09
1.698955302835168362e+09
1.698955302934176207e+09
1.698955303033212185e+09
1.698955303095464706e+09
1.698955303195944309e+09
1.698955303297234058e+09
1.698955303397130013e+09
1.698955303496776819e+09
1.698955303595521688e+09
1.698955303733870983e+09
1.698955303841810226e+09
1.698955303935530901e+09
1.698955303935530901e+09
1.698955303935530901e+09
1.698955303935530901e+09
1.698955304336876392e+09
1.698955304405663967e+09
1.698955304534372568e+09
1.698955304636068821e+09
1.698955304735658169e+09
1.698955304832701683e+09
1.698955304934968472e+09
1.698955304996371031e+09
1.698955305136603355e+09
1.698955305233410597e+09
1.698955305336368322e+09
1.698955305436452866e+09
1.698955305534670353e+09
1.698955305633422136e+09
1.698955305733923674e+09
1.698955305837007284e+09
1.698955305937294006e+09
1.698955306036447763e+09
1.698955306135712147e+09
1.698955306235970259e+09
1.698955306336479187e+09
1.698955306439231634e+09
1.698955306536189556e+09
1.698955306638611555e+09
1.698955306736288548e+09
1.698955306799568892e+09
1.698955306938023806e+09
1.698955307036816120e+09
1.698955307136203766e+09
1.698955307238424063e+09
1.698955307336270809e+09
1.698955307436938763e+09
1.698955307538958788e+09
1.698955307636622667e+09
1.698955307736969471e+09
1.698955307836999416e+09
1.698955307938740015e+09
1.698955308038589716e+09
1.698955308134298563e+09
1.698955308236639023e+09
1.698955308341202974e+09
1.698955308398763418e+09
1.698955308496356249e+09
1.698955308638846636e+09
1.698955308738446236e+09
1.698955308839819193e+09
1.698955308938980818e+09
1.698955308996045351e+09
1.698955309138921499e+09
1.698955309239865303e+09
1.698955309297682285e+09
1.698955309438389540e+09
1.698955309495101452e+09
1.698955309638137341e+09
1.698955309696166515e+09
1.698955309839470863e+09
1.698955309939235210e+09
1.698955309994703770e+09
1.698955310139929533e+09
1.698955310239974022e+09
1.698955310296362162e+09
1.698955310439242601e+09
1.698955310539562702e+09
1.698955310638772726e+09
1.698955310739554644e+09
1.698955310839972258e+09
1.698955310938957214e+09
1.698955310995993853e+09
1.698955311139210463e+09
1.698955311195458889e+09
1.698955311296724558e+09
1.698955311395932913e+09
1.698955311539013147e+09
1.698955311637747288e+09
1.698955311737812281e+09
1.698955311797040701e+09
1.698955311933384657e+09
1.698955312039601564e+09
1.698955312133150339e+09
1.698955312240566015e+09
1.698955312340036869e+09
1.698955312439623356e+09
1.698955312535615683e+09
1.698955312633568525e+09
1.698955312736136198e+09
1.698955312834453583e+09
1.698955312939353466e+09
1.698955312996025801e+09
1.698955313134484768e+09
1.698955313235778332e+09
1.698955313333076954e+09
1.698955313434622526e+09
1.698955313534377813e+09
1.698955313636529684e+09
1.698955313733243704e+09
1.698955313795946598e+09
1.698955313934481621e+09
1.698955314035234690e+09
1.698955314135335207e+09
1.698955314235736370e+09
1.698955314337088823e+09
1.698955314433638573e+09
1.698955314536587715e+09
1.698955314637109518e+09
1.698955314734366655e+09
1.698955314836647749e+09
1.698955314936759949e+09
1.698955315035646439e+09
1.698955315130191326e+09
1.698955315234889507e+09
1.698955315332886696e+09
1.698955315435948610e+09
1.698955315533297062e+09
1.698955315636044979e+09
1.698955315734951019e+09
1.698955315837136507e+09
1.698955315935028315e+09
1.698955316036139965e+09
1.698955316136235952e+09
1.698955316235780716e+09
1.698955316336976290e+09
1.698955316434903145e+09
1.698955316500883818e+09
1.698955316635015965e+09
1.698955316736476898e+09
1.698955316835935831e+09
1.698955316933231115e+09
1.698955317033952713e+09
1.698955317133646011e+09
1.698955317234245062e+09
1.698955317333170652e+09
1.698955317433405876e+09
1.698955317534232855e+09
1.698955317632295609e+09
1.698955317699976921e+09
1.698955317837145329e+09
1.698955317936410904e+09
1.698955318033618450e+09
1.698955318137172937e+09
1.698955318235928297e+09
1.698955318334160328e+09
1.698955318436056614e+09
1.698955318536939621e+09
1.698955318633710623e+09
1.698955318737125158e+09
1.698955318834067822e+09
1.698955318936689377e+09
1.698955319036911964e+09
1.698955319134625435e+09
1.698955319235792160e+09
1.698955319333986998e+09
1.698955319435594082e+09
1.698955319536188126e+09
1.698955319635683537e+09
1.698955319734788895e+09
1.698955319834441185e+09
1.698955319936436176e+09
1.698955320033815145e+09
1.698955320153961420e+09
1.698955320158324242e+09
1.698955320395848751e+09
1.698955320436172485e+09
1.698955320533540487e+09
1.698955320632841587e+09
1.698955320735469103e+09
1.698955320833199739e+09
1.698955320935358047e+09
1.698955321033523321e+09
1.698955321135313511e+09
1.698955321235235691e+09
1.698955321333302975e+09
1.698955321436183214e+09
1.698955321534076214e+09
1.698955321636729240e+09
1.698955321736583471e+09
1.698955321832981825e+09
1.698955321935441732e+09
1.698955322033283234e+09
1.698955322134874582e+09
1.698955322234997272e+09
1.698955322332654953e+09
1.698955322435658932e+09
1.698955322533653736e+09
1.698955322635460377e+09
1.698955322737006903e+09
1.698955322834570646e+09
1.698955322932562828e+09
1.698955323033931017e+09
1.698955323136609793e+09
1.698955323235539198e+09
1.698955323333657503e+09
1.698955323433387280e+09
1.698955323535557747e+09
1.698955323633546352e+09
1.698955323734321594e+09
1.698955323799566746e+09
1.698955323933501482e+09
1.698955324031866789e+09
1.698955324132351875e+09
1.698955324233407974e+09
1.698955324335637093e+09
1.698955324432301521e+09
1.698955324534498930e+09
1.698955324632567644e+09
1.698955324735683203e+09
1.698955324833429337e+09
1.698955324934010983e+09
1.698955325032630205e+09
1.698955325134645700e+09
1.698955325199773788e+09
1.698955325334017754e+09
1.698955325434973001e+09
1.698955325534667730e+09
1.698955325635056257e+09
1.698955325733100653e+09
1.698955325834759474e+09
1.698955325932749748e+09
1.698955326033763409e+09
1.698955326134890795e+09
1.698955326234216452e+09
1.698955326332844973e+09
1.698955326361000776e+09
1.698955326538252115e+09
1.698955326599891663e+09
1.698955326736116648e+09
1.698955326808016062e+09
1.698955326932394505e+09
1.698955327034896135e+09
1.698955327133153677e+09
1.698955327235503674e+09
1.698955327334046364e+09
1.698955327435876131e+09
1.698955327534926414e+09
1.698955327634138107e+09
1.698955327733533621e+09
1.698955327832422018e+09
1.698955327903043509e+09
1.698955328035905123e+09
1.698955328135170460e+09
1.698955328232536793e+09
1.698955328332896948e+09
1.698955328434998035e+09
1.698955328533608437e+09
1.698955328633236647e+09
1.698955328734747648e+09
1.698955328832643747e+09
1.698955328900023937e+09
1.698955329032526255e+09
1.698955329135261774e+09
1.698955329235195637e+09
1.698955329332701683e+09
1.698955329435009003e+09
1.698955329534645557e+09
1.698955329635595560e+09
1.698955329734213591e+09
1.698955329833353043e+09
1.698955329912262201e+09
1.698955330034760475e+09
1.698955330135733604e+09
1.698955330160992146e+09
1.698955330160992146e+09
1.698955330160992146e+09
1.698955330513855219e+09
1.698955330635339737e+09
1.698955330734588861e+09
1.698955330839547634e+09
1.698955330932275057e+09
1.698955331010617733e+09
1.698955331140920162e+09
1.698955331235733509e+09
1.698955331332998276e+09
1.698955331438376904e+09
1.698955331529091120e+09
1.698955331603339672e+09
1.698955331693377256e+09
1.698955331835873604e+09
1.698955331911792755e+09
1.698955332033221006e+09
1.698955332101245165e+09
1.698955332190193653e+09
1.698955332335546970e+09
1.698955332434555531e+09
1.698955332502370358e+09
1.698955332635596037e+09
1.698955332735344410e+09
1.698955332833961010e+09
1.698955332932447672e+09
1.698955333034012079e+09
1.698955333133502007e+09
1.698955333234884739e+09
1.698955333336097002e+09
1.698955333434442043e+09
1.698955333533766508e+09
1.698955333635522604e+09
1.698955333734918118e+09
1.698955333834003210e+09
1.698955333934438705e+09
1.698955334034799814e+09
1.698955334136005163e+09
1.698955334233234406e+09
1.698955334334244251e+09
1.698955334436171055e+09
1.698955334533147573e+09
1.698955334634279013e+09
1.698955334734668016e+09
1.698955334833209515e+09
1.698955334934800148e+09
1.698955335033435106e+09
1.698955335133595228e+09
1.698955335235228539e+09
1.698955335334397316e+09
1.698955335435104609e+09
1.698955335534263372e+09
1.698955335633180618e+09
1.698955335734227896e+09
1.698955335832728148e+09
1.698955335936026096e+09
1.698955336032553434e+09
1.698955336136197090e+09
1.698955336232703686e+09
1.698955336305083752e+09
1.698955336432404995e+09
1.698955336532994270e+09
1.698955336634443045e+09
1.698955336732525826e+09
1.698955336833990574e+09
1.698955336933817387e+09
1.698955337032975674e+09
1.698955337104569674e+09
1.698955337235844612e+09
1.698955337335882902e+09
1.698955337435384750e+09
1.698955337536135197e+09
1.698955337632745028e+09
1.698955337733348846e+09
1.698955337832408190e+09
1.698955337932983398e+09
1.698955338035824776e+09
1.698955338135616541e+09
1.698955338232676506e+09
1.698955338331714392e+09
1.698955338432560205e+09
1.698955338532333612e+09
1.698955338632309437e+09
1.698955338697293997e+09
1.698955338799401760e+09
1.698955338929523706e+09
1.698955339035455465e+09
1.698955339135297775e+09
1.698955339235436916e+09
1.698955339333778620e+09
1.698955339432091475e+09
1.698955339499576092e+09
1.698955339599149466e+09
1.698955339735091686e+09
1.698955339803839684e+09
1.698955339896318197e+09
1.698955340033606529e+09
1.698955340097783804e+09
1.698955340200412512e+09
1.698955340336033106e+09
1.698955340433845282e+09
1.698955340535822868e+09
1.698955340635661840e+09
1.698955340738323689e+09
1.698955340799633265e+09
1.698955340936172962e+09
1.698955341037468195e+09
1.698955341136702061e+09
1.698955341232976913e+09
1.698955341334441423e+09
1.698955341432182074e+09
1.698955341535577536e+09
1.698955341637259007e+09
1.698955341699631929e+09
1.698955341835223913e+09
1.698955341937660933e+09
1.698955342035439968e+09
1.698955342133586645e+09
1.698955342235923767e+09
1.698955342337664127e+09
1.698955342435630798e+09
1.698955342500583172e+09
1.698955342599589348e+09
1.698955342735372066e+09
1.698955342836907148e+09
1.698955342936622620e+09
1.698955342999161959e+09
1.698955343133848667e+09
1.698955343234582663e+09
1.698955343333595753e+09
1.698955343394941807e+09
1.698955343537057638e+09
1.698955343634977341e+09
1.698955343736272097e+09
1.698955343834772110e+09
1.698955343936178446e+09
1.698955344037779093e+09
1.698955344136808634e+09
1.698955344236066341e+09
1.698955344337806940e+09
1.698955344439277887e+09
1.698955344539564133e+09
1.698955344637881994e+09
1.698955344737889051e+09
1.698955344837999344e+09
1.698955344939196348e+09
1.698955345035963297e+09
1.698955345137525797e+09
1.698955345238724709e+09
1.698955345335947037e+09
1.698955345439888954e+09
1.698955345538648605e+09
1.698955345639698029e+09
1.698955345737869740e+09
1.698955345836572886e+09
1.698955345935341835e+09
1.698955346037153721e+09
1.698955346134885073e+09
1.698955346236031055e+09
1.698955346337939262e+09
1.698955346436053514e+09
1.698955346535189390e+09
1.698955346639096975e+09
1.698955346736693382e+09
1.698955346839149714e+09
1.698955346935985804e+09
1.698955347037589550e+09
1.698955347137951136e+09
1.698955347237602472e+09
1.698955347336258411e+09
1.698955347437171221e+09
1.698955347535478592e+09
1.698955347638039351e+09
1.698955347737230062e+09
1.698955347838456869e+09
1.698955347936941862e+09
1.698955347998919249e+09
1.698955348136894464e+09
1.698955348239205837e+09
1.698955348338762283e+09
1.698955348438141823e+09
1.698955348536660910e+09
1.698955348637023926e+09
1.698955348737935066e+09
1.698955348839173555e+09
1.698955348939774990e+09
1.698955349037280798e+09
1.698955349138967276e+09
1.698955349237103224e+09
1.698955349337802172e+09
1.698955349436816454e+09
1.698955349534303427e+09
1.698955349636272430e+09
1.698955349734593630e+09
1.698955349839503050e+09
1.698955349936560869e+09
1.698955350033139706e+09
1.698955350139093637e+09
1.698955350236661196e+09
1.698955350333302498e+09
1.698955350437857866e+09
1.698955350539366245e+09
1.698955350638790369e+09
1.698955350734592676e+09
1.698955350834638596e+09
1.698955350937055111e+09
1.698955351039576292e+09
1.698955351135736704e+09
1.698955351239140034e+09
1.698955351334406376e+09
1.698955351436488867e+09
1.698955351535872221e+09
1.698955351635353327e+09
1.698955351735712290e+09
1.698955351835104465e+09
1.698955351932832956e+09
1.698955352035593510e+09
1.698955352133583546e+09
1.698955352234050751e+09
1.698955352333096266e+09
1.698955352435604572e+09
1.698955352535798311e+09
1.698955352632316589e+09
1.698955352734519243e+09
1.698955352832630396e+09
1.698955352933984995e+09
1.698955353033596992e+09
1.698955353135325670e+09
1.698955353230647802e+09
1.698955353332276821e+09
1.698955353431948900e+09
1.698955353536253691e+09
1.698955353634406328e+09
1.698955353733124495e+09
1.698955353834635973e+09
1.698955353935054541e+09
1.698955354033828020e+09
1.698955354132773638e+09
1.698955354232173204e+09
1.698955354338851452e+09
1.698955354435377121e+09
1.698955354536106110e+09
1.698955354634987593e+09
1.698955354734712362e+09
1.698955354835772514e+09
1.698955354934206247e+09
1.698955355002399445e+09
1.698955355131751299e+09
1.698955355232080936e+09
1.698955355334850550e+09
1.698955355435790300e+09
1.698955355532545567e+09
1.698955355636504889e+09
1.698955355736467838e+09
1.698955355832201481e+09
1.698955355933655262e+09
1.698955356035281420e+09
1.698955356136765480e+09
1.698955356233842850e+09
1.698955356336702824e+09
1.698955356432458162e+09
1.698955356532010078e+09
1.698955356634387016e+09
1.698955356736201763e+09
1.698955356836497784e+09
1.698955356937574148e+09
1.698955357038057804e+09
1.698955357134748936e+09
1.698955357234915257e+09
1.698955357335480690e+09
1.698955357434005737e+09
1.698955357534619331e+09
1.698955357637897491e+09
1.698955357738236189e+09
1.698955357836014271e+09
1.698955357935375690e+09
1.698955358037234545e+09
1.698955358138102770e+09
1.698955358235483170e+09
1.698955358337527037e+09
1.698955358438939095e+09
1.698955358534834146e+09
1.698955358636438847e+09
1.698955358736627579e+09
1.698955358839265585e+09
1.698955358938167572e+09
1.698955359036618948e+09
1.698955359138056040e+09
1.698955359239451647e+09
1.698955359337381840e+09
1.698955359435779810e+09
1.698955359538638115e+09
1.698955359594900846e+09
1.698955359738311529e+09
1.698955359839902163e+09
1.698955359938174248e+09
1.698955360040611506e+09
1.698955360136289358e+09
1.698955360237546921e+09
1.698955360339794159e+09
1.698955360435994864e+09
1.698955360537440300e+09
1.698955360638783455e+09
1.698955360739765167e+09
1.698955360837972164e+09
1.698955360939440727e+09
1.698955361038466215e+09
1.698955361136985540e+09
1.698955361237092733e+09
1.698955361338862896e+09
1.698955361438690901e+09
1.698955361500736237e+09
1.698955361636672735e+09
1.698955361735844135e+09
1.698955361835657120e+09
1.698955361938589096e+09
1.698955362037013054e+09
1.698955362139155626e+09
1.698955362237070322e+09
1.698955362338152647e+09
1.698955362436703444e+09
1.698955362536418915e+09
1.698955362637330055e+09
1.698955362732032776e+09
1.698955362833370686e+09
1.698955362933243036e+09
1.698955363032266378e+09
1.698955363137950897e+09
1.698955363234807253e+09
1.698955363334474325e+09
1.698955363433997154e+09
1.698955363539234161e+09
1.698955363632650375e+09
1.698955363736420631e+09
1.698955363830453873e+09
1.698955363932540417e+09
1.698955364034075022e+09
1.698955364133669376e+09
1.698955364232375383e+09
1.698955364331692457e+09
1.698955364434843779e+09
1.698955364531721830e+09
1.698955364634124041e+09
1.698955364735232353e+09
1.698955364833791018e+09
1.698955364933623552e+09
1.698955365032968521e+09
1.698955365132115602e+09
1.698955365233762026e+09
1.698955365333207846e+09
1.698955365434934378e+09
1.698955365533189058e+09
1.698955365634523392e+09
1.698955365734623432e+09
1.698955365839444637e+09
1.698955365932106256e+09
1.698955366033548594e+09
1.698955366132519245e+09
1.698955366235397577e+09
1.698955366335194826e+09
1.698955366433123589e+09
1.698955366532091618e+09
1.698955366632139444e+09
1.698955366734109163e+09
1.698955366831873655e+09
1.698955366934849262e+09
1.698955367032957315e+09
1.698955367133579493e+09
1.698955367231703281e+09
1.698955367333523035e+09
1.698955367433123350e+09
1.698955367535694122e+09
1.698955367633220196e+09
1.698955367734236002e+09
1.698955367834749937e+09
1.698955367935428143e+09
1.698955368033598900e+09
1.698955368132814884e+09
1.698955368232749462e+09
1.698955368334315062e+09
1.698955368432926893e+09
1.698955368533945322e+09
1.698955368558078527e+09
1.698955368558078527e+09
1.698955368833606005e+09
1.698955368934664249e+09
1.698955369018591404e+09
1.698955369100852966e+09
1.698955369233262062e+09
1.698955369336138010e+09
1.698955369434021711e+09
1.698955369533387184e+09
1.698955369632796049e+09
1.698955369732671738e+09
1.698955369834830999e+09
1.698955369932994366e+09
1.698955370036223888e+09
1.698955370133214235e+09
1.698955370235943317e+09
1.698955370335394144e+09
1.698955370433158159e+09
1.698955370531279087e+09
1.698955370634310246e+09
1.698955370736250877e+09
1.698955370832957506e+09
1.698955370933795691e+09
1.698955371034730911e+09
1.698955371134107113e+09
1.698955371235865355e+09
1.698955371311830759e+09
1.698955371434762478e+09
1.698955371535098553e+09
1.698955371614139318e+09
1.698955371736212492e+09
1.698955371835526705e+09
1.698955371935102940e+09
1.698955372035448313e+09
1.698955372136233330e+09
1.698955372235207319e+09
1.698955372299396992e+09
1.698955372432667971e+09
1.698955372534071684e+09
1.698955372634325027e+09
1.698955372734996319e+09
1.698955372834466219e+09
1.698955372934875965e+09
1.698955373032838345e+09
1.698955373134507656e+09
1.698955373232441902e+09
1.698955373334765434e+09
1.698955373435389757e+09
1.698955373534600019e+09
1.698955373635864735e+09
1.698955373734086037e+09
1.698955373835199833e+09
1.698955373935102463e+09
1.698955374035345793e+09
1.698955374133969545e+09
1.698955374234688759e+09
1.698955374302268267e+09
1.698955374435262680e+09
1.698955374533502102e+09
1.698955374561680794e+09
1.698955374561680794e+09
1.698955374561680794e+09
1.698955374561680794e+09
1.698955375098557234e+09
1.698955375136037350e+09
1.698955375232562542e+09
1.698955375335936069e+09
1.698955375433650017e+09
1.698955375533486128e+09
1.698955375635979176e+09
1.698955375734095097e+09
1.698955375831901312e+09
1.698955375934499979e+09
1.698955376035447598e+09
1.698955376135811090e+09
1.698955376233353615e+09
1.698955376331953049e+09
1.698955376434911728e+09
1.698955376533729076e+09
1.698955376611713648e+09
1.698955376662519455e+09
1.698955376662519455e+09
1.698955376938057899e+09
1.698955377034992456e+09
1.698955377134678841e+09
1.698955377235128403e+09
1.698955377334265471e+09
1.698955377435027838e+09
1.698955377532692671e+09
1.698955377634257078e+09
1.698955377735037327e+09
1.698955377835520267e+09
1.698955377936309814e+09
1.698955378034138441e+09
1.698955378134457111e+09
1.698955378232882977e+09
1.698955378336053848e+09
1.698955378434970140e+09
1.698955378532417536e+09
1.698955378632691860e+09
1.698955378734246016e+09
1.698955378833330870e+09
1.698955378933124065e+09
1.698955379035525322e+09
1.698955379132969856e+09
1.698955379236245871e+09
1.698955379336112738e+09
1.698955379434861422e+09
1.698955379532597542e+09
1.698955379635090113e+09
1.698955379733801603e+09
1.698955379835104227e+09
1.698955379899551868e+09
1.698955380035474539e+09
1.698955380134351730e+09
1.698955380199903011e+09
1.698955380332906723e+09
1.698955380399708033e+09
1.698955380532423019e+09
1.698955380633925676e+09
1.698955380734890699e+09
1.698955380833115816e+09
1.698955380934305191e+09
1.698955381039082289e+09
1.698955381133415937e+09
1.698955381234356403e+09
1.698955381332458019e+09
1.698955381433244705e+09
1.698955381535067320e+09
1.698955381634310722e+09
1.698955381736083508e+09
1.698955381834860563e+09
1.698955381934132099e+09
1.698955382034017801e+09
1.698955382132629871e+09
1.698955382222926140e+09
1.698955382222926140e+09
1.698955382222926140e+09
1.698955382535202503e+09
1.698955382634648561e+09
1.698955382736030102e+09
1.698955382834606171e+09
1.698955382933528900e+09
1.698955383036967039e+09
1.698955383101289272e+09
1.698955383205603361e+09
1.698955383333647966e+09
1.698955383434952497e+09
1.698955383534264088e+09
1.698955383635541439e+09
1.698955383736407995e+09
1.698955383804019213e+09
1.698955383934841633e+09
1.698955384036082745e+09
1.698955384135828018e+09
1.698955384234064341e+09
1.698955384334702253e+09
1.698955384434422970e+09
1.698955384535627127e+09
1.698955384634725809e+09
1.698955384733497858e+09
1.698955384834898710e+09
1.698955384932629347e+09
1.698955385036146641e+09
1.698955385136184692e+09
1.698955385236307383e+09
1.698955385332941055e+09
1.698955385435276747e+09
1.698955385532945633e+09
1.698955385635782957e+09
1.698955385734084368e+09
1.698955385835891247e+09
1.698955385934599400e+09
1.698955386035790205e+09
1.698955386135016441e+09
1.698955386232986689e+09
1.698955386334381819e+09
1.698955386432798624e+09
1.698955386534381151e+09
1.698955386635522127e+09
1.698955386734760523e+09
1.698955386836574554e+09
1.698955386907379389e+09
1.698955387003121614e+09
1.698955387136497498e+09
1.698955387234425068e+09
1.698955387335033178e+09
1.698955387432807684e+09
1.698955387533904076e+09
1.698955387633782148e+09
1.698955387734639645e+09
1.698955387833080053e+09
1.698955387932612181e+09
1.698955388034467697e+09
1.698955388135960579e+09
1.698955388236465216e+09
1.698955388297729492e+09
1.698955388434073687e+09
1.698955388534087658e+09
1.698955388638578653e+09
1.698955388735177517e+09
1.698955388834532261e+09
1.698955388936326504e+09
1.698955389036228418e+09
1.698955389097983122e+09
1.698955389235523462e+09
1.698955389333279848e+09
1.698955389402501345e+09
1.698955389537301302e+09
1.698955389628102541e+09
1.698955389729448795e+09
1.698955389799700022e+09
1.698955389933635950e+09
1.698955390036321878e+09
1.698955390135705948e+09
1.698955390235295057e+09
1.698955390335189581e+09
1.698955390432843924e+09
1.698955390530461788e+09
1.698955390633814335e+09
1.698955390700544357e+09
1.698955390833283901e+09
1.698955390935766220e+09
1.698955391034945965e+09
1.698955391134663582e+09
1.698955391231951237e+09
1.698955391333911657e+09
1.698955391433742285e+09
1.698955391535756111e+09
1.698955391634627342e+09
1.698955391736458778e+09
1.698955391800589561e+09
1.698955391901886225e+09
1.698955392035781145e+09
1.698955392135991812e+09
1.698955392233533382e+09
1.698955392338271141e+09
1.698955392399342537e+09
1.698955392500718355e+09
1.698955392599892378e+09
1.698955392700348377e+09
1.698955392800433159e+09
1.698955392937169790e+09
1.698955392999558449e+09
1.698955393099627018e+09
1.698955393234858751e+09
1.698955393299833536e+09
1.698955393400824547e+09
1.698955393497186422e+09
1.698955393639638186e+09
1.698955393699472904e+09
1.698955393800418615e+09
1.698955393938246250e+09
1.698955393999409199e+09
1.698955394100747347e+09
1.698955394236249685e+09
1.698955394309170246e+09
1.698955394436895370e+09
1.698955394536465168e+09
1.698955394638915777e+09
1.698955394736153126e+09
1.698955394799448729e+09
1.698955394936860800e+09
1.698955394997570753e+09
1.698955395138981581e+09
1.698955395237647057e+09
1.698955395334916592e+09
1.698955395437966824e+09
1.698955395537170649e+09
1.698955395637811899e+09
1.698955395695745230e+09
1.698955395836257458e+09
1.698955395900050402e+09
1.698955395995503187e+09
1.698955396138797045e+09
1.698955396239424229e+09
1.698955396338912010e+09
1.698955396438752413e+09
1.698955396538686991e+09
1.698955396637681723e+09
1.698955396735764265e+09
1.698955396837252617e+09
1.698955396937499523e+09
1.698955397037821531e+09
1.698955397140192509e+09
1.698955397237130165e+09
1.698955397295581818e+09
1.698955397434791327e+09
1.698955397538870335e+09
1.698955397637763977e+09
1.698955397739169121e+09
1.698955397839514732e+09
1.698955397938033581e+09
1.698955398038965464e+09
1.698955398136795282e+09
1.698955398238388777e+09
1.698955398295803547e+09
1.698955398438457489e+09
1.698955398496114492e+09
1.698955398639983892e+09
1.698955398739175081e+09
1.698955398837646484e+09
1.698955398938862801e+09
1.698955399037472963e+09
1.698955399136896849e+09
1.698955399198863506e+09
1.698955399341552734e+09
1.698955399395647049e+09
1.698955399502303600e+09
1.698955399596852541e+09
1.698955399737946987e+09
1.698955399838563204e+09
1.698955399936617613e+09
1.698955400039399385e+09
1.698955400139364958e+09
1.698955400233468294e+09
1.698955400339791536e+09
1.698955400437934399e+09
1.698955400540125847e+09
1.698955400637548923e+09
1.698955400736265659e+09
1.698955400836393595e+09
1.698955400938703299e+09
1.698955401033560991e+09
1.698955401136986494e+09
1.698955401234750271e+09
1.698955401338470936e+09
1.698955401439895630e+09
1.698955401534577370e+09
1.698955401635953903e+09
1.698955401736849070e+09
1.698955401834325075e+09
1.698955401895725250e+09
1.698955402036731720e+09
1.698955402136175632e+09
1.698955402233335495e+09
1.698955402336409569e+09
1.698955402435529232e+09
1.698955402536431074e+09
1.698955402636558294e+09
1.698955402736843348e+09
1.698955402835659266e+09
1.698955402935817242e+09
1.698955403034918070e+09
1.698955403133330345e+09
1.698955403237547159e+09
1.698955403332622528e+09
1.698955403434279919e+09
1.698955403534500122e+09
1.698955403639085054e+09
1.698955403727330923e+09
1.698955403835239649e+09
1.698955403935504436e+09
1.698955404035807133e+09
1.698955404136010170e+09
1.698955404235013962e+09
1.698955404334480762e+09
1.698955404436975002e+09
1.698955404535791397e+09
1.698955404635447502e+09
1.698955404734623432e+09
1.698955404836167097e+09
1.698955404934965372e+09
1.698955405038668394e+09
1.698955405132189989e+09
1.698955405236793756e+09
1.698955405335984707e+09
1.698955405435621023e+09
1.698955405534642696e+09
1.698955405635358810e+09
1.698955405736050606e+09
1.698955405835226774e+09
1.698955405934396982e+09
1.698955406032419920e+09
1.698955406135488033e+09
1.698955406234785318e+09
1.698955406335289955e+09
1.698955406434469938e+09
1.698955406536064625e+09
1.698955406635224819e+09
1.698955406734397650e+09
1.698955406834695578e+09
1.698955406936426640e+09
1.698955407035786152e+09
1.698955407139625549e+09
1.698955407234638214e+09
1.698955407334124565e+09
1.698955407435969591e+09
1.698955407494386673e+09
1.698955407634589672e+09
1.698955407736487389e+09
1.698955407799627542e+09
1.698955407934874296e+09
1.698955408036860228e+09
1.698955408135022163e+09
1.698955408235323668e+09
1.698955408338179588e+09
1.698955408439119101e+09
1.698955408534965515e+09
1.698955408637721777e+09
1.698955408736530066e+09
1.698955408838016987e+09
1.698955408937485456e+09
1.698955409036284924e+09
1.698955409135473967e+09
1.698955409234112740e+09
1.698955409335942268e+09
1.698955409438375711e+09
1.698955409495382309e+09
1.698955409636753082e+09
1.698955409736193895e+09
1.698955409838325500e+09
1.698955409936147213e+09
1.698955409996481895e+09
1.698955410138058424e+09
1.698955410235700607e+09
1.698955410339221716e+09
1.698955410437219143e+09
1.698955410538859367e+09
1.698955410538859367e+09
1.698955410538859367e+09
1.698955410538859367e+09
1.698955410538859367e+09
1.698955410538859367e+09
1.698955411140570402e+09
1.698955411206885338e+09
1.698955411340967894e+09
1.698955411437479496e+09
1.698955411495658159e+09
1.698955411636661291e+09
1.698955411693835020e+09
1.698955411796415567e+09
1.698955411897157907e+09
1.698955411995759487e+09
1.698955412139742374e+09
1.698955412196671486e+09
1.698955412340911627e+09
1.698955412435999155e+09
1.698955412538025141e+09
1.698955412597187757e+09
1.698955412695496798e+09
1.698955412839308023e+09
1.698955412938618183e+09
1.698955413038591862e+09
1.698955413137428284e+09
1.698955413195962429e+09
1.698955413337204933e+09
1.698955413439646959e+09
1.698955413538856745e+09
1.698955413637211084e+09
1.698955413738164186e+09
1.698955413836824417e+09
1.698955413894443512e+09
1.698955414039173126e+09
1.698955414139771938e+09
1.698955414235747337e+09
1.698955414337364674e+09
1.698955414439593554e+09
1.698955414534897566e+09
1.698955414595251322e+09
1.698955414740297556e+09
1.698955414834346056e+09
1.698955414937319994e+09
1.698955415034611940e+09
1.698955415139599562e+09
1.698955415236165524e+09
1.698955415335103273e+09
1.698955415435976028e+09
1.698955415540335655e+09
1.698955415636725903e+09
1.698955415733639956e+09
1.698955415833998680e+09
1.698955415895728350e+09
1.698955416033209324e+09
1.698955416139699459e+09
1.698955416235034227e+09
1.698955416336392164e+09
1.698955416437052965e+09
1.698955416535344124e+09
1.698955416636835098e+09
1.698955416736954212e+09
1.698955416765590906e+09
1.698955416765590906e+09
1.698955416765590906e+09
1.698955417135174274e+09
1.698955417234214306e+09
1.698955417336688042e+09
1.698955417422687769e+09
1.698955417536731243e+09
1.698955417634463549e+09
1.698955417734857559e+09
1.698955417836325407e+09
1.698955417934624434e+09
1.698955418036524057e+09
1.698955418136107683e+09
1.698955418231590033e+09
1.698955418334237576e+09
1.698955418434991360e+09
1.698955418501456976e+09
1.698955418634542942e+09
1.698955418736057997e+09
1.698955418836394310e+09
1.698955418937107086e+09
1.698955419034066916e+09
1.698955419135012150e+09
1.698955419235582113e+09
1.698955419333374500e+09
1.698955419433647871e+09
1.698955419533745766e+09
1.698955419634912252e+09
1.698955419734060764e+09
1.698955419833314896e+09
1.698955419935827732e+09
1.698955420001789331e+09
1.698955420096603870e+09
1.698955420235889196e+09
1.698955420333680391e+09
1.698955420434917450e+09
1.698955420534029961e+09
1.698955420634741783e+09
1.698955420733428717e+09
1.698955420836450338e+09
1.698955420933816910e+09
1.698955421035899639e+09
1.698955421135061264e+09
1.698955421235173464e+09
1.698955421334673166e+09
1.698955421435238361e+09
1.698955421535194397e+09
1.698955421633082390e+09
1.698955421732812405e+09
1.698955421834772825e+09
1.698955421934014320e+09
1.698955422033058882e+09
1.698955422134989262e+09
1.698955422233245611e+09
1.698955422309571981e+09
1.698955422435999870e+09
1.698955422537387609e+09
1.698955422636137009e+09
1.698955422708046913e+09
1.698955422756747246e+09
1.698955422756747246e+09
1.698955422756747246e+09
1.698955423134066820e+09
1.698955423235821009e+09
1.698955423335937262e+09
1.698955423431961060e+09
1.698955423531924486e+09
1.698955423633175135e+09
1.698955423735709667e+09
1.698955423833049059e+09
1.698955423899681330e+09
1.698955424032790184e+09
1.698955424133648634e+09
1.698955424235453367e+09
1.698955424333361387e+09
1.698955424433573961e+09
1.698955424537966251e+09
1.698955424636110067e+09
1.698955424734161139e+09
1.698955424835334778e+09
1.698955424934987545e+09
1.698955425033367872e+09
1.698955425134651899e+09
1.698955425233695030e+09
1.698955425334492207e+09
1.698955425433222294e+09
1.698955425534040928e+09
1.698955425635835648e+09
1.698955425736509323e+09
1.698955425834134579e+09
1.698955425934440136e+09
1.698955426033347607e+09
1.698955426135391712e+09
1.698955426199256420e+09
1.698955426334368706e+09
1.698955426433170795e+09
1.698955426532593489e+09
1.698955426635550737e+09
1.698955426734828472e+09
1.698955426834802628e+09
1.698955426899586916e+09
1.698955427032771111e+09
1.698955427135446310e+09
1.698955427232410431e+09
1.698955427334603786e+09
1.698955427435524464e+09
1.698955427533996582e+09
1.698955427632569790e+09
1.698955427736215115e+09
1.698955427835317850e+09
1.698955427933879137e+09
1.698955428034092665e+09
1.698955428102031469e+09
1.698955428234862804e+09
1.698955428336140633e+09
1.698955428434417725e+09
1.698955428532979488e+09
1.698955428634919167e+09
1.698955428734444618e+09
1.698955428833535194e+09
1.698955428932745218e+09
1.698955429032972336e+09
1.698955429132340431e+09
1.698955429235379219e+09
1.698955429333885908e+09
1.698955429435960770e+09
1.698955429534749746e+09
1.698955429633171082e+09
1.698955429734161139e+09
1.698955429833216667e+09
1.698955429932288885e+09
1.698955430035715342e+09
1.698955430101367474e+09
1.698955430232867956e+09
1.698955430332940340e+09
1.698955430433077812e+09
1.698955430532402039e+09
1.698955430634691238e+09
1.698955430732474566e+09
1.698955430835574389e+09
1.698955430932835817e+09
1.698955431005060434e+09
1.698955431136509657e+09
1.698955431235745907e+09
1.698955431335893869e+09
1.698955431434687138e+09
1.698955431532624245e+09
1.698955431635221004e+09
1.698955431732061863e+09
1.698955431834707022e+09
1.698955431900141478e+09
1.698955432033191681e+09
1.698955432133771658e+09
1.698955432233067036e+09
1.698955432331503868e+09
1.698955432436195374e+09
1.698955432535357952e+09
1.698955432634890318e+09
1.698955432736351728e+09
1.698955432834858656e+09
1.698955432934807301e+09
1.698955433035380125e+09
1.698955433133847475e+09
1.698955433234032869e+09
1.698955433335056067e+09
1.698955433433220387e+09
1.698955433534558535e+09
1.698955433633157492e+09
1.698955433735663891e+09
1.698955433833927631e+09
1.698955433934450626e+09
1.698955434035029650e+09
1.698955434132879257e+09
1.698955434235363960e+09
1.698955434332445383e+09
1.698955434403092146e+09
1.698955434536062956e+09
1.698955434635353088e+09
1.698955434732625246e+09
1.698955434810595512e+09
1.698955434863180637e+09
1.698955434863180637e+09
1.698955435138953686e+09
1.698955435234121561e+09
1.698955435335431814e+09
1.698955435436299801e+09
1.698955435535014391e+09
1.698955435635355234e+09
1.698955435736301899e+09
1.698955435833212852e+09
1.698955435931460619e+09
1.698955436033776760e+09
1.698955436136162519e+09
1.698955436235105515e+09
1.698955436334703445e+09
1.698955436432648897e+09
1.698955436535259485e+09
1.698955436630891085e+09
1.698955436735073090e+09
1.698955436835049868e+09
1.698955436935705900e+09
1.698955437034185410e+09
1.698955437134375811e+09
1.698955437235969782e+09
1.698955437333069324e+09
1.698955437436034918e+09
1.698955437535023928e+09
1.698955437635982275e+09
1.698955437731968403e+09
1.698955437833925962e+09
1.698955437935791969e+09
1.698955438036751509e+09
1.698955438134944439e+09
1.698955438233745098e+09
1.698955438332399368e+09
1.698955438433973312e+09
1.698955438535164118e+09
1.698955438595280170e+09
1.698955438733367443e+09
1.698955438835951328e+09
1.698955438932353735e+09
1.698955439035151720e+09
1.698955439132983685e+09
1.698955439234782457e+09
1.698955439332594633e+09
1.698955439434971571e+09
1.698955439534625769e+09
1.698955439633683920e+09
1.698955439735969305e+09
1.698955439830481768e+09
1.698955439933024168e+09
1.698955439998530865e+09
1.698955440133201361e+09
1.698955440197163105e+09
1.698955440296432734e+09
1.698955440399436474e+09
1.698955440534757614e+09
1.698955440596460342e+09
1.698955440733671904e+09
1.698955440834346294e+09
1.698955440935709238e+09
1.698955441034187794e+09
1.698955441099778652e+09
1.698955441234727621e+09
1.698955441299632788e+09
1.698955441434876204e+09
1.698955441533023834e+09
1.698955441635327578e+09
1.698955441734679461e+09
1.698955441832977533e+09
1.698955441934245586e+09
1.698955442035706282e+09
1.698955442133214235e+09
1.698955442232325554e+09
1.698955442335187197e+09
1.698955442435689926e+09
1.698955442534378290e+09
1.698955442637763739e+09
1.698955442732117414e+09
1.698955442805681467e+09
1.698955442900248051e+09
1.698955443033552885e+09
1.698955443133375168e+09
1.698955443234807014e+09
1.698955443335834026e+09
1.698955443437256813e+09
1.698955443534548759e+09
1.698955443634550571e+09
1.698955443733202219e+09
1.698955443833524466e+09
1.698955443934384108e+09
1.698955444037221670e+09
1.698955444134130716e+09
1.698955444237448215e+09
1.698955444300367594e+09
1.698955444436618090e+09
1.698955444499273777e+09
1.698955444634930372e+09
1.698955444739186764e+09
1.698955444801153898e+09
1.698955444923591852e+09
1.698955445002554655e+09
1.698955445135347128e+09
1.698955445235648394e+09
1.698955445336503983e+09
1.698955445401252985e+09
1.698955445535335779e+09
1.698955445635467291e+09
1.698955445738526344e+09
1.698955445834446907e+09
1.698955445938264132e+09
1.698955445996551514e+09
1.698955446112752199e+09
1.698955446199545860e+09
1.698955446337662697e+09
1.698955446437244415e+09
1.698955446536539316e+09
1.698955446637812853e+09
1.698955446735616446e+09
1.698955446800672293e+09
1.698955446938918591e+09
1.698955447039827347e+09
1.698955447138166428e+09
1.698955447235995531e+09
1.698955447337524414e+09
1.698955447439113855e+09
1.698955447534703970e+09
1.698955447636278391e+09
1.698955447737804174e+09
1.698955447835265875e+09
1.698955447897825956e+09
1.698955448037707806e+09
1.698955448137463093e+09
1.698955448237738132e+09
1.698955448339666843e+09
1.698955448438025951e+09
1.698955448540146112e+09
1.698955448635904551e+09
1.698955448736682177e+09
1.698955448821260691e+09
1.698955448937037230e+09
1.698955449038572788e+09
1.698955449138279915e+09
1.698955449240040064e+09
1.698955449338791370e+09
1.698955449436418056e+09
1.698955449536414146e+09
1.698955449637273788e+09
1.698955449699739218e+09
1.698955449803555965e+09
1.698955449940779448e+09
1.698955450039607763e+09
1.698955450139818192e+09
1.698955450236520767e+09
1.698955450298671007e+09
1.698955450396082163e+09
1.698955450539526224e+09
1.698955450636754274e+09
1.698955450737828970e+09
1.698955450837484837e+09
1.698955450923430443e+09
1.698955451022966385e+09
1.698955451022966385e+09
1.698955451022966385e+09
1.698955451022966385e+09
1.698955451418877840e+09
1.698955451537741184e+09
1.698955451638351440e+09
1.698955451737793922e+09
1.698955451834845781e+09
1.698955451937120914e+09
1.698955452033129692e+09
1.698955452139651060e+09
1.698955452199633121e+09
1.698955452337776184e+09
1.698955452438637495e+09
1.698955452537366867e+09
1.698955452635336637e+09
1.698955452698397636e+09
1.698955452833505392e+09
1.698955452933604240e+09
1.698955453035747766e+09
1.698955453135225296e+09
1.698955453236430883e+09
1.698955453334033966e+09
1.698955453395301580e+09
1.698955453534924984e+09
1.698955453636244297e+09
1.698955453736116171e+09
1.698955453834224701e+09
1.698955453936594248e+09
1.698955454033027172e+09
1.698955454134296179e+09
1.698955454236697197e+09
1.698955454333396196e+09
1.698955454435549736e+09
1.698955454533201456e+09
1.698955454593548775e+09
1.698955454694509506e+09
1.698955454833159447e+09
1.698955454935297728e+09
1.698955455036600590e+09
1.698955455133525610e+09
1.698955455232841730e+09
1.698955455333447933e+09
1.698955455435899734e+09
1.698955455496786356e+09
1.698955455636450052e+09
1.698955455695549726e+09
1.698955455794450998e+09
1.698955455939110279e+09
1.698955456033859968e+09
1.698955456134415865e+09
1.698955456237860441e+09
1.698955456333463192e+09
1.698955456399595022e+09
1.698955456533971548e+09
1.698955456599329233e+09
1.698955456697183371e+09
1.698955456833148718e+09
1.698955456895503283e+09
1.698955457031480074e+09
1.698955457031480074e+09
1.698955457031480074e+09
1.698955457031480074e+09
1.698955457465367794e+09
1.698955457535207510e+09
1.698955457634293079e+09
1.698955457736652851e+09
1.698955457796439648e+09
1.698955457935798168e+09
1.698955458037902594e+09
1.698955458137576818e+09
1.698955458235344172e+09
1.698955458333948612e+09
1.698955458435826540e+09
1.698955458534496784e+09
1.698955458636395216e+09
1.698955458737365961e+09
1.698955458834302902e+09
1.698955458936530352e+09
1.698955459037506819e+09
1.698955459136262417e+09
1.698955459241343975e+09
1.698955459334477663e+09
1.698955459434414148e+09
1.698955459536495686e+09
1.698955459635176659e+09
1.698955459734413624e+09
1.698955459839679003e+09
1.698955459934403896e+09
1.698955460035639286e+09
1.698955460137645483e+09
1.698955460197624922e+09
1.698955460336457253e+09
1.698955460433799028e+09
1.698955460536442757e+09
1.698955460636419296e+09
1.698955460737273216e+09
1.698955460839499235e+09
1.698955460936928034e+09
1.698955461037791252e+09
1.698955461136199713e+09
1.698955461237549305e+09
1.698955461337853432e+09
1.698955461437792301e+09
1.698955461538480759e+09
1.698955461636652470e+09
1.698955461737389565e+09
1.698955461797116041e+09
1.698955461896044731e+09
1.698955462039525986e+09
1.698955462139012098e+09
1.698955462195796013e+09
1.698955462339405060e+09
1.698955462439675570e+09
1.698955462494578600e+09
1.698955462636543274e+09
1.698955462738386869e+09
1.698955462839385509e+09
1.698955462939327002e+09
1.698955463038229942e+09
1.698955463095743895e+09
1.698955463196368933e+09
1.698955463337369442e+09
1.698955463439499140e+09
1.698955463537849188e+09
1.698955463639769077e+09
1.698955463740076780e+09
1.698955463839750767e+09
1.698955463896477699e+09
1.698955464040442944e+09
1.698955464137891531e+09
1.698955464240201235e+09
1.698955464299658775e+09
1.698955464400717020e+09
1.698955464539570808e+09
1.698955464637379885e+09
1.698955464740350246e+09
1.698955464835776567e+09
1.698955464933640003e+09
1.698955464995361328e+09
1.698955465138775587e+09
1.698955465235620022e+09
1.698955465297552586e+09
1.698955465396114588e+09
1.698955465538205385e+09
1.698955465636608124e+09
1.698955465735527992e+09
1.698955465834977388e+09
1.698955465895399570e+09
1.698955466034857512e+09
1.698955466135204315e+09
1.698955466234743595e+09
1.698955466337330580e+09
1.698955466437346935e+09
1.698955466533816338e+09
1.698955466633853197e+09
1.698955466733763933e+09
1.698955466835110664e+09
1.698955466934587002e+09
1.698955466998398542e+09
1.698955467134274960e+09
1.698955467233811617e+09
1.698955467321207047e+09
1.698955467409341335e+09
1.698955467533697128e+09
1.698955467637686253e+09
1.698955467739156008e+09
1.698955467834725142e+09
1.698955467907544374e+09
1.698955468033578157e+09
1.698955468134160280e+09
1.698955468202673197e+09
1.698955468336922884e+09
1.698955468437453032e+09
1.698955468500114202e+09
1.698955468634193659e+09
1.698955468735953093e+09
1.698955468835374832e+09
1.698955468912140608e+09
1.698955469034679174e+09
1.698955469135617018e+09
1.698955469235457420e+09
1.698955469260812044e+09
1.698955469260812044e+09
1.698955469555141449e+09
1.698955469633839130e+09
1.698955469734241724e+09
1.698955469834115982e+09
1.698955469933608532e+09
1.698955470035594463e+09
1.698955470134642839e+09
1.698955470199536324e+09
1.698955470336933851e+09
1.698955470435841322e+09
1.698955470534995317e+09
1.698955470637634754e+09
1.698955470735202074e+09
1.698955470836222410e+09
1.698955470935679913e+09
1.698955471034021378e+09
1.698955471135817528e+09
1.698955471232464790e+09
1.698955471333614588e+09
1.698955471434886694e+09
1.698955471535643339e+09
1.698955471633955479e+09
1.698955471734523773e+09
1.698955471836871624e+09
1.698955471937595367e+09
1.698955472035237551e+09
1.698955472137148619e+09
1.698955472235553741e+09
1.698955472337413311e+09
1.698955472433907747e+09
1.698955472498687983e+09
1.698955472604859114e+09
1.698955472736446142e+09
1.698955472801987410e+09
1.698955472908011913e+09
1.698955473036433697e+09
1.698955473137783766e+09
1.698955473236577034e+09
1.698955473337011576e+09
1.698955473436326742e+09
1.698955473536440372e+09
1.698955473633345604e+09
1.698955473734528542e+09
1.698955473836175680e+09
1.698955473935993433e+09
1.698955474036521435e+09
1.698955474133861065e+09
1.698955474236453056e+09
1.698955474333466053e+09
1.698955474436053276e+09
1.698955474533924818e+09
1.698955474635375261e+09
1.698955474732800245e+09
1.698955474835788727e+09
1.698955474934891939e+09
1.698955475034250975e+09
1.698955475134329319e+09
1.698955475234371901e+09
1.698955475333640575e+09
1.698955475434813976e+09
1.698955475536102057e+09
1.698955475633314610e+09
1.698955475733869553e+09
1.698955475836035013e+09
1.698955475933713436e+09
1.698955476034431458e+09
1.698955476134421825e+09
1.698955476234579086e+09
1.698955476333993435e+09
1.698955476434652090e+09
1.698955476533127308e+09
1.698955476633718014e+09
1.698955476733912706e+09
1.698955476834047794e+09
1.698955476934823275e+09
1.698955477034922600e+09
1.698955477134373426e+09
1.698955477205256462e+09
1.698955477205256462e+09
1.698955477435747862e+09
1.698955477536162615e+09
1.698955477634049892e+09
1.698955477732853889e+09
1.698955477831212521e+09
1.698955477934847116e+09
1.698955478035982132e+09
1.698955478106586456e+09
1.698955478234205961e+09
1.698955478333334684e+09
1.698955478434998989e+09
1.698955478534082174e+09
1.698955478599552870e+09
1.698955478735974789e+09
1.698955478832367182e+09
1.698955478936180353e+09
1.698955479034852982e+09
1.698955479133104563e+09
1.698955479232863903e+09
1.698955479332792759e+09
1.698955479434366703e+09
1.698955479533058882e+09
1.698955479633950472e+09
1.698955479700081825e+09
1.698955479833383560e+09
1.698955479931571245e+09
1.698955480033407211e+09
1.698955480134660006e+09
1.698955480199474096e+09
1.698955480335705519e+09
1.698955480436454296e+09
1.698955480534105301e+09
1.698955480632984877e+09
1.698955480734371424e+09
1.698955480833611727e+09
1.698955480934385538e+09
1.698955480999578476e+09
1.698955481133048534e+09
1.698955481235036850e+09
1.698955481299905777e+09
1.698955481432895422e+09
1.698955481532578707e+09
1.698955481634792328e+09
1.698955481733425140e+09
1.698955481836388111e+09
1.698955481933019161e+09
1.698955482033408642e+09
1.698955482134897470e+09
1.698955482199731112e+09
1.698955482333295107e+09
1.698955482399908066e+09
1.698955482533717871e+09
1.698955482634014845e+09
1.698955482698691845e+09
1.698955482830897570e+09
1.698955482935262680e+09
1.698955483035031557e+09
1.698955483099734545e+09
1.698955483234572172e+09
1.698955483258703709e+09
1.698955483258703709e+09
1.698955483258703709e+09
1.698955483637684584e+09
1.698955483735815287e+09
1.698955483799914598e+09
1.698955483934873104e+09
1.698955484001153946e+09
1.698955484099499702e+09
1.698955484234012127e+09
1.698955484336672306e+09
1.698955484398796558e+09
1.698955484533896208e+09
1.698955484635868073e+09
1.698955484733042717e+09
1.698955484836870670e+09
1.698955484936414957e+09
1.698955485035809517e+09
1.698955485133594275e+09
1.698955485235953093e+09
1.698955485333373547e+09
1.698955485402413607e+09
1.698955485535707235e+09
1.698955485636062622e+09
1.698955485699187994e+09
1.698955485835152149e+09
1.698955485933057308e+09
1.698955486033444881e+09
1.698955486136169910e+09
1.698955486234947920e+09
1.698955486298922062e+09
1.698955486436030149e+09
1.698955486507267714e+09
1.698955486634099722e+09
1.698955486700453520e+09
1.698955486833733082e+09
1.698955486935444117e+09
1.698955487033354759e+09
1.698955487136811733e+09
1.698955487233585835e+09
1.698955487335175991e+09
1.698955487434100389e+09
1.698955487535470009e+09
1.698955487633089304e+09
1.698955487735437155e+09
1.698955487836485624e+09
1.698955487933401823e+09
1.698955488035547733e+09
1.698955488134589672e+09
1.698955488234873772e+09
1.698955488336898565e+09
1.698955488433245659e+09
1.698955488534304380e+09
1.698955488634985447e+09
1.698955488733338118e+09
1.698955488834782124e+09
1.698955488904325485e+09
1.698955489035995483e+09
1.698955489133399487e+09
1.698955489203568697e+09
1.698955489298955441e+09
1.698955489397343636e+09
1.698955489534138680e+09
1.698955489633310795e+09
1.698955489735780239e+09
1.698955489834573507e+09
1.698955489935951233e+09
1.698955490034636736e+09
1.698955490134638786e+09
1.698955490236141682e+09
1.698955490335444927e+09
1.698955490434524059e+09
1.698955490535424232e+09
1.698955490637212753e+09
1.698955490733717203e+09
1.698955490834671021e+09
1.698955490934994698e+09
1.698955491035798311e+09
1.698955491136562586e+09
1.698955491237150431e+09
1.698955491299944162e+09
1.698955491433386564e+09
1.698955491533554554e+09
1.698955491637190104e+09
1.698955491736844301e+09
1.698955491834204197e+09
1.698955491903172731e+09
1.698955492000216484e+09
1.698955492135393858e+09
1.698955492200162649e+09
1.698955492333922148e+09
1.698955492436553240e+09
1.698955492534703732e+09
1.698955492634248495e+09
1.698955492735191822e+09
1.698955492801503658e+09
1.698955492934942722e+09
1.698955493000462770e+09
1.698955493100379229e+09
1.698955493233861685e+09
1.698955493334904194e+09
1.698955493404002428e+09
1.698955493534931898e+09
1.698955493636605263e+09
1.698955493734172106e+09
1.698955493835126400e+09
1.698955493901943922e+09
1.698955494000217199e+09
1.698955494134976149e+09
1.698955494230277061e+09
1.698955494335260868e+09
1.698955494401451588e+09
1.698955494497535467e+09
1.698955494600543976e+09
1.698955494698789597e+09
1.698955494797405005e+09
1.698955494933548212e+09
1.698955495032372713e+09
1.698955495100612402e+09
1.698955495196928263e+09
1.698955495336964130e+09
1.698955495336964130e+09
1.698955495336964130e+09
1.698955495637161732e+09
1.698955495736475229e+09
1.698955495801196575e+09
1.698955495935513735e+09
1.698955495996880531e+09
1.698955496136061430e+09
1.698955496202673912e+09
1.698955496301098824e+09
1.698955496435137510e+09
1.698955496536930323e+09
1.698955496637205124e+09
1.698955496699606895e+09
1.698955496836416006e+09
1.698955496900586128e+09
1.698955497000836372e+09
1.698955497096925020e+09
1.698955497200790405e+09
1.698955497338505268e+09
1.698955497397997856e+09
1.698955497536747456e+09
1.698955497635947943e+09
1.698955497699596882e+09
1.698955497837734699e+09
1.698955497937133074e+09
1.698955497997631073e+09
1.698955498135209322e+09
1.698955498237803221e+09
1.698955498337633610e+09
1.698955498437103987e+09
1.698955498538727999e+09
1.698955498637299776e+09
1.698955498736190319e+09
1.698955498836404562e+09
1.698955498938303947e+09
1.698955498998948097e+09
1.698955499139273405e+09
1.698955499199738026e+09
1.698955499334880829e+09
1.698955499437814951e+09
1.698955499535364151e+09
1.698955499638767719e+09
1.698955499739581823e+09
1.698955499836330652e+09
1.698955499937222242e+09
1.698955500036453962e+09
1.698955500136098146e+09
1.698955500237449884e+09
1.698955500336251736e+09
1.698955500437155008e+09
1.698955500535767317e+09
1.698955500637911081e+09
1.698955500735671997e+09
1.698955500838047028e+09
1.698955500907021999e+09
1.698955501037088156e+09
1.698955501136046648e+09
1.698955501238396883e+09
1.698955501365155220e+09
1.698955501437109470e+09
1.698955501537048817e+09
1.698955501638824940e+09
1.698955501736254930e+09
1.698955501840062618e+09
1.698955501938514948e+09
1.698955502036154032e+09
1.698955502135215998e+09
1.698955502236640692e+09
1.698955502339532137e+09
1.698955502421050787e+09
1.698955502421050787e+09
1.698955502421050787e+09
1.698955502421050787e+09
1.698955502421050787e+09
1.698955502421050787e+09
1.698955502421050787e+09
1.698955502421050787e+09
1.698955502421050787e+09
1.698955502421050787e+09
1.698955502421050787e+09
1.698955503596661806e+09
1.698955503625640869e+09
1.698955503734893084e+09
1.698955503835959911e+09
1.698955503895196199e+09
1.698955504034102201e+09
1.698955504115239382e+09
1.698955504234832287e+09
1.698955504335695267e+09
1.698955504426149607e+09
1.698955504579050303e+09
1.698955504635432482e+09
1.698955504693399668e+09
1.698955504836405039e+09
1.698955504932566166e+09
1.698955505034652233e+09
1.698955505136504889e+09
1.698955505195656061e+09
1.698955505338795662e+09
1.698955505435328722e+09
1.698955505496255875e+09
1.698955505641632080e+09
1.698955505740957022e+09
1.698955505832729340e+09
1.698955505932732821e+09
1.698955506027243376e+09
1.698955506160660267e+09
1.698955506234526634e+09
1.698955506295899391e+09
1.698955506435900688e+09
1.698955506536527872e+09
1.698955506636375427e+09
1.698955506693626165e+09
1.698955506770469189e+09
1.698955506770469189e+09
1.698955506770469189e+09
1.698955507205181599e+09
1.698955507228103161e+09
1.698955507384405851e+09
1.698955507396476507e+09
1.698955507534507513e+09
1.698955507633649588e+09
1.698955507760186434e+09
1.698955507838652372e+09
1.698955507895438194e+09
1.698955507996350527e+09
1.698955508135378838e+09
1.698955508234774590e+09
1.698955508294097662e+09
1.698955508395690441e+09
1.698955508536353588e+09
1.698955508635194540e+09
1.698955508697377205e+09
1.698955508836231470e+09
1.698955508933506727e+09
1.698955509032598495e+09
1.698955509101161718e+09
1.698955509234791517e+09
1.698955509361629486e+09
1.698955509433494091e+09
1.698955509494889021e+09
1.698955509638256788e+09
1.698955509736320019e+09
1.698955509802153349e+09
1.698955509936681271e+09
1.698955509993756533e+09
1.698955510133636236e+09
1.698955510236877918e+09
1.698955510363302469e+09
1.698955510440508366e+09
1.698955510537600517e+09
1.698955510541624069e+09
1.698955510739075661e+09
1.698955510828123808e+09
1.698955510833898783e+09
1.698955511036636591e+09
1.698955511137736559e+09
1.698955511250524759e+09
1.698955511339371443e+09
1.698955511436519623e+09
1.698955511495691776e+09
