1.698955296117819071e+09
1.698955296217835903e+09
1.698955296317833900e+09
1.698955296417831898e+09
1.698955296517832041e+09
1.698955296617831945e+09
1.698955296717832088e+09
1.698955296817832947e+09
1.698955296917834044e+09
1.698955297017834902e+09
1.698955297117835999e+09
1.698955297217848063e+09
1.698955297317846060e+09
1.698955297417844057e+09
1.698955297517843962e+09
1.698955297617851019e+09
1.698955297717858076e+09
1.698955297817862034e+09
1.698955297917865992e+09
1.698955298017868042e+09
1.698955298117872000e+09
1.698955298217895031e+09
1.698955298317902088e+09
1.698955298417908907e+09
1.698955298517915964e+09
1.698955298617922068e+09
1.698955298717927933e+09
1.698955298817931890e+09
1.698955298917936087e+09
1.698955299017937899e+09
1.698955299117940903e+09
1.698955299217955112e+09
1.698955299317958117e+09
1.698955299417962074e+09
1.698955299517962933e+09
1.698955299617957115e+09
1.698955299717947006e+09
1.698955299817934990e+09
1.698955299917922020e+09
1.698955300017909050e+09
1.698955300117896080e+09
1.698955300217853069e+09
1.698955300317838907e+09
1.698955300417828083e+09
1.698955300517821074e+09
1.698955300617818117e+09
1.698955300717816114e+09
1.698955300817816019e+09
1.698955300917817116e+09
1.698955301017817974e+09
1.698955301117819071e+09
1.698955301217827082e+09
1.698955301317827940e+09
1.698955301417829037e+09
1.698955301517829895e+09
1.698955301617830992e+09
1.698955301717832088e+09
1.698955301817831039e+09
1.698955301917829037e+09
1.698955302017826080e+09
1.698955302117824078e+09
1.698955302217834949e+09
1.698955302317835093e+09
1.698955302417835951e+09
1.698955302517838955e+09
1.698955302617842913e+09
1.698955302717847109e+09
1.698955302817848921e+09
1.698955302917853117e+09
1.698955303017857075e+09
1.698955303117861032e+09
1.698955303217844009e+09
1.698955303317846060e+09
1.698955303417846918e+09
1.698955303517844915e+09
1.698955303617846012e+09
1.698955303717847109e+09
1.698955303817847967e+09
1.698955303817847967e+09
1.698955303817847967e+09
1.698955303817847967e+09
1.698955304217875004e+09
1.698955304317881107e+09
1.698955304417882919e+09
1.698955304517882109e+09
1.698955304617880106e+09
1.698955304717880011e+09
1.698955304817878008e+09
1.698955304917872906e+09
1.698955305017867088e+09
1.698955305117861032e+09
1.698955305217866898e+09
1.698955305317862034e+09
1.698955305417856932e+09
1.698955305517851114e+09
1.698955305617841959e+09
1.698955305717834949e+09
1.698955305817831993e+09
1.698955305917834044e+09
1.698955306017834902e+09
1.698955306117835999e+09
1.698955306217833996e+09
1.698955306317836046e+09
1.698955306417836905e+09
1.698955306517839909e+09
1.698955306617844105e+09
1.698955306717848063e+09
1.698955306817847013e+09
1.698955306917845011e+09
1.698955307017843008e+09
1.698955307117841005e+09
1.698955307217854977e+09
1.698955307317857981e+09
1.698955307417864084e+09
1.698955307517868042e+09
1.698955307617870092e+09
1.698955307717874050e+09
1.698955307817881107e+09
1.698955307917890072e+09
1.698955308017899036e+09
1.698955308117906094e+09
1.698955308217890978e+09
1.698955308317898035e+09
1.698955308417907000e+09
1.698955308517915964e+09
1.698955308617927074e+09
1.698955308717937946e+09
1.698955308817949057e+09
1.698955308917958021e+09
1.698955309017962933e+09
1.698955309117964983e+09
1.698955309217926025e+09
1.698955309317924976e+09
1.698955309417922974e+09
1.698955309517919064e+09
1.698955309617916107e+09
1.698955309717911959e+09
1.698955309817907095e+09
1.698955309917901993e+09
1.698955310017896891e+09
1.698955310117893934e+09
1.698955310217906952e+09
1.698955310317909956e+09
1.698955310417912960e+09
1.698955310517914057e+09
1.698955310617914915e+09
1.698955310717914104e+09
1.698955310817912102e+09
1.698955310917912006e+09
1.698955311017915010e+09
1.698955311117918015e+09
1.698955311217880011e+09
1.698955311317886114e+09
1.698955311417893887e+09
1.698955311517900944e+09
1.698955311617908955e+09
1.698955311717916965e+09
1.698955311817923069e+09
1.698955311917927027e+09
1.698955312017930031e+09
1.698955312117930889e+09
1.698955312217943907e+09
1.698955312317945004e+09
1.698955312417943001e+09
1.698955312517940998e+09
1.698955312617940903e+09
1.698955312717941999e+09
1.698955312817943096e+09
1.698955312917943954e+09
1.698955313017945051e+09
1.698955313117945910e+09
1.698955313217952967e+09
1.698955313317955971e+09
1.698955313417960882e+09
1.698955313517968893e+09
1.698955313617976904e+09
1.698955313717988014e+09
1.698955313817996025e+09
1.698955313918004036e+09
1.698955314018009901e+09
1.698955314118016005e+09
1.698955314217995882e+09
1.698955314318001986e+09
1.698955314418005943e+09
1.698955314518011093e+09
1.698955314618016005e+09
1.698955314718019009e+09
1.698955314818023920e+09
1.698955314918026924e+09
1.698955315018029928e+09
1.698955315118035078e+09
1.698955315218027115e+09
1.698955315318032026e+09
1.698955315418035030e+09
1.698955315518038034e+09
1.698955315618045092e+09
1.698955315718056917e+09
1.698955315818068981e+09
1.698955315918081045e+09
1.698955316018089056e+09
1.698955316118094921e+09
1.698955316218127012e+09
1.698955316318131924e+09
1.698955316418134928e+09
1.698955316518140078e+09
1.698955316618146896e+09
1.698955316718153954e+09
1.698955316818159103e+09
1.698955316918165922e+09
1.698955317018171072e+09
1.698955317118174076e+09
1.698955317218199968e+09
1.698955317318202972e+09
1.698955317418207884e+09
1.698955317518213034e+09
1.698955317618220091e+09
1.698955317718229055e+09
1.698955317818238020e+09
1.698955317918240070e+09
1.698955318018237114e+09
1.698955318118231058e+09
1.698955318218209028e+09
1.698955318318205118e+09
1.698955318418205023e+09
1.698955318518208981e+09
1.698955318618213892e+09
1.698955318718220949e+09
1.698955318818228006e+09
1.698955318918232918e+09
1.698955319018238068e+09
1.698955319118247032e+09
1.698955319218210936e+09
1.698955319318219900e+09
1.698955319418226957e+09
1.698955319518234015e+09
1.698955319618241072e+09
1.698955319718247890e+09
1.698955319818254948e+09
1.698955319918262005e+09
1.698955320018269062e+09
1.698955320018269062e+09
1.698955320018269062e+09
1.698955320318283081e+09
1.698955320418292046e+09
1.698955320518301010e+09
1.698955320618309021e+09
1.698955320718322039e+09
1.698955320818336010e+09
1.698955320918349028e+09
1.698955321018366098e+09
1.698955321118383884e+09
1.698955321218379021e+09
1.698955321318394899e+09
1.698955321418411016e+09
1.698955321518421888e+09
1.698955321618433952e+09
1.698955321718449116e+09
1.698955321818463087e+09
1.698955321918478012e+09
1.698955322018495083e+09
1.698955322118509054e+09
1.698955322218545914e+09
1.698955322318551064e+09
1.698955322418556929e+09
1.698955322518560886e+09
1.698955322618560076e+09
1.698955322718554974e+09
1.698955322818543911e+09
1.698955322918538094e+09
1.698955323018531084e+09
1.698955323118520021e+09
1.698955323218482018e+09
1.698955323318470955e+09
1.698955323418462038e+09
1.698955323518450022e+09
1.698955323618432045e+09
1.698955323718410969e+09
1.698955323818397045e+09
1.698955323918381929e+09
1.698955324018368006e+09
1.698955324118350029e+09
1.698955324218350887e+09
1.698955324318336010e+09
1.698955324418323040e+09
1.698955324518311024e+09
1.698955324618300915e+09
1.698955324718300104e+09
1.698955324818300009e+09
1.698955324918303013e+09
1.698955325018302917e+09
1.698955325118309021e+09
1.698955325218331099e+09
1.698955325318336010e+09
1.698955325418345928e+09
1.698955325518359900e+09
1.698955325618374109e+09
1.698955325718383074e+09
1.698955325818387985e+09
1.698955325918390989e+09
1.698955326018394947e+09
1.698955326118401051e+09
1.698955326218386889e+09
1.698955326318393946e+09
1.698955326418396950e+09
1.698955326518389940e+09
1.698955326618357897e+09
1.698955326718321085e+09
1.698955326818288088e+09
1.698955326918256998e+09
1.698955327018220901e+09
1.698955327118179083e+09
1.698955327218116045e+09
1.698955327318065882e+09
1.698955327418019056e+09
1.698955327517982960e+09
1.698955327617924929e+09
1.698955327717860937e+09
1.698955327817810059e+09
1.698955327917761087e+09
1.698955328017712116e+09
1.698955328117660999e+09
1.698955328217612982e+09
1.698955328317532063e+09
1.698955328417452097e+09
1.698955328517426968e+09
1.698955328617377996e+09
1.698955328717320919e+09
1.698955328817265034e+09
1.698955328917221069e+09
1.698955329017164946e+09
1.698955329117137909e+09
1.698955329217123032e+09
1.698955329317094088e+09
1.698955329417062998e+09
1.698955329517045021e+09
1.698955329617027998e+09
1.698955329717026949e+09
1.698955329817030907e+09
1.698955329917026043e+09
1.698955330017007113e+09
1.698955330017007113e+09
1.698955330017007113e+09
1.698955330017007113e+09
1.698955330416939020e+09
1.698955330516915083e+09
1.698955330616894960e+09
1.698955330716881037e+09
1.698955330816875935e+09
1.698955330916865110e+09
1.698955331016865015e+09
1.698955331116868019e+09
1.698955331216897011e+09
1.698955331316924095e+09
1.698955331416951895e+09
1.698955331516976118e+09
1.698955331616996050e+09
1.698955331717008114e+09
1.698955331817015886e+09
1.698955331917020082e+09
1.698955332017020941e+09
1.698955332117017984e+09
1.698955332217022896e+09
1.698955332317017078e+09
1.698955332417011976e+09
1.698955332517003059e+09
1.698955332616997004e+09
1.698955332716989994e+09
1.698955332816979885e+09
1.698955332916968107e+09
1.698955333016957045e+09
1.698955333116951942e+09
1.698955333216917038e+09
1.698955333316911936e+09
1.698955333416910887e+09
1.698955333516911030e+09
1.698955333616909027e+09
1.698955333716907978e+09
1.698955333816906929e+09
1.698955333916899920e+09
1.698955334016894102e+09
1.698955334116888046e+09
1.698955334216857910e+09
1.698955334316847086e+09
1.698955334416840076e+09
1.698955334516839981e+09
1.698955334616846085e+09
1.698955334716856956e+09
1.698955334816870928e+09
1.698955334916883945e+09
1.698955335016892910e+09
1.698955335116902113e+09
1.698955335216892958e+09
1.698955335316899061e+09
1.698955335416903019e+09
1.698955335516907930e+09
1.698955335616910934e+09
1.698955335716912985e+09
1.698955335816915989e+09
1.698955335916918039e+09
1.698955336016916037e+09
1.698955336116911888e+09
1.698955336216907024e+09
1.698955336316905022e+09
1.698955336416903973e+09
1.698955336516902924e+09
1.698955336616899014e+09
1.698955336716893911e+09
1.698955336816890955e+09
1.698955336916887999e+09
1.698955337016881943e+09
1.698955337116872072e+09
1.698955337216887951e+09
1.698955337316875935e+09
1.698955337416866064e+09
1.698955337516859055e+09
1.698955337616852999e+09
1.698955337716846943e+09
1.698955337816843987e+09
1.698955337916843891e+09
1.698955338016846895e+09
1.698955338116848946e+09
1.698955338216840982e+09
1.698955338316839933e+09
1.698955338416841030e+09
1.698955338516843081e+09
1.698955338616844893e+09
1.698955338716847897e+09
1.698955338816848993e+09
1.698955338916851044e+09
1.698955339016855001e+09
1.698955339116862059e+09
1.698955339216840982e+09
1.698955339316840887e+09
1.698955339416840076e+09
1.698955339516839981e+09
1.698955339616839886e+09
1.698955339716839075e+09
1.698955339816838980e+09
1.698955339916840076e+09
1.698955340016841888e+09
1.698955340116846085e+09
1.698955340216850042e+09
1.698955340316850901e+09
1.698955340416851044e+09
1.698955340516850948e+09
1.698955340616851091e+09
1.698955340716852903e+09
1.698955340816857100e+09
1.698955340916862011e+09
1.698955341016869068e+09
1.698955341116878033e+09
1.698955341116878033e+09
1.698955341316828966e+09
1.698955341416837931e+09
1.698955341516848087e+09
1.698955341616862059e+09
1.698955341716873884e+09
1.698955341816880941e+09
1.698955341916888952e+09
1.698955342016897917e+09
1.698955342116905928e+09
1.698955342216911077e+09
1.698955342316611052e+09
1.698955342416615963e+09
1.698955342516623974e+09
1.698955342616631985e+09
1.698955342716638088e+09
1.698955342816642046e+09
1.698955342916652918e+09
1.698955343016666889e+09
1.698955343116682053e+09
1.698955343216684103e+09
1.698955343316731930e+09
1.698955343416716099e+09
1.698955343516711950e+09
1.698955343616713047e+09
1.698955343716707945e+09
1.698955343816720009e+09
1.698955343916701078e+09
1.698955344016693115e+09
1.698955344116681099e+09
1.698955344216670036e+09
1.698955344316684008e+09
1.698955344416678905e+09
1.698955344516670942e+09
1.698955344616662979e+09
1.698955344716634989e+09
1.698955344816612005e+09
1.698955344916587114e+09
1.698955345016561031e+09
1.698955345116591930e+09
1.698955345216633081e+09
1.698955345316761971e+09
1.698955345416800976e+09
1.698955345516756058e+09
1.698955345616712093e+09
1.698955345716692924e+09
1.698955345816705942e+09
1.698955345916691065e+09
1.698955346016701937e+09
1.698955346116694927e+09
1.698955346216717958e+09
1.698955346316760063e+09
1.698955346416794062e+09
1.698955346516815901e+09
1.698955346616844893e+09
1.698955346716944933e+09
1.698955346817050934e+09
1.698955346917145014e+09
1.698955347017235994e+09
1.698955347117325068e+09
1.698955347217406988e+09
1.698955347317527056e+09
1.698955347417607069e+09
1.698955347517684937e+09
1.698955347617753983e+09
1.698955347717812061e+09
1.698955347817857027e+09
1.698955347917890072e+09
1.698955348017913103e+09
1.698955348117922068e+09
1.698955348217920065e+09
1.698955348317920923e+09
1.698955348417906046e+09
1.698955348517887115e+09
1.698955348617865086e+09
1.698955348717839003e+09
1.698955348817814112e+09
1.698955348917794943e+09
1.698955349017779112e+09
1.698955349117768049e+09
1.698955349217762947e+09
1.698955349317779064e+09
1.698955349417779922e+09
1.698955349517779112e+09
1.698955349617777109e+09
1.698955349717771053e+09
1.698955349817764044e+09
1.698955349917754889e+09
1.698955350017745018e+09
1.698955350117728949e+09
1.698955350217711926e+09
1.698955350317719936e+09
1.698955350417707920e+09
1.698955350517699957e+09
1.698955350617693901e+09
1.698955350717690945e+09
1.698955350817698002e+09
1.698955350917711020e+09
1.698955351017728090e+09
1.698955351117748976e+09
1.698955351217767000e+09
1.698955351317792892e+09
1.698955351417809963e+09
1.698955351517824888e+09
1.698955351617837906e+09
1.698955351717848063e+09
1.698955351817859888e+09
1.698955351917871952e+09
1.698955352017885923e+09
1.698955352117897987e+09
1.698955352217911959e+09
1.698955352317934990e+09
1.698955352417938948e+09
1.698955352517941952e+09
1.698955352617940903e+09
1.698955352717936993e+09
1.698955352817934990e+09
1.698955352917938948e+09
1.698955353017944098e+09
1.698955353117950916e+09
1.698955353217957973e+09
1.698955353317970991e+09
1.698955353417982101e+09
1.698955353518001080e+09
1.698955353618026018e+09
1.698955353718055964e+09
1.698955353818084955e+09
1.698955353918102980e+09
1.698955354018115044e+09
1.698955354118125916e+09
1.698955354218143940e+09
1.698955354318206072e+09
1.698955354418253899e+09
1.698955354518315077e+09
1.698955354618392944e+09
1.698955354718493938e+09
1.698955354818603992e+09
1.698955354918735981e+09
1.698955355018876076e+09
1.698955355119021893e+09
1.698955355219192028e+09
1.698955355319391012e+09
1.698955355419550896e+09
1.698955355519680977e+09
1.698955355619810104e+09
1.698955355719922066e+09
1.698955355819983959e+09
1.698955355920027018e+09
1.698955356020051956e+09
1.698955356120075941e+09
1.698955356220088005e+09
1.698955356320069075e+09
1.698955356420087099e+09
1.698955356520087957e+09
1.698955356620106936e+09
1.698955356720128059e+09
1.698955356820157051e+09
1.698955356920185089e+09
1.698955357020245075e+09
1.698955357120342016e+09
1.698955357220453024e+09
1.698955357320590019e+09
1.698955357420752048e+09
1.698955357520919085e+09
1.698955357621083021e+09
1.698955357721278906e+09
1.698955357821511030e+09
1.698955357921710968e+09
1.698955358021908045e+09
1.698955358122104883e+09
1.698955358222282887e+09
1.698955358322418928e+09
1.698955358422554970e+09
1.698955358522671938e+09
1.698955358622778893e+09
1.698955358722873926e+09
1.698955358822956085e+09
1.698955358923018932e+09
1.698955359023071051e+09
1.698955359123104095e+09
1.698955359223131895e+09
1.698955359323173046e+09
1.698955359423196077e+09
1.698955359523211956e+09
1.698955359623229027e+09
1.698955359723246098e+09
1.698955359823262930e+09
1.698955359923280001e+09
1.698955360023297071e+09
1.698955360123307943e+09
1.698955360223319054e+09
1.698955360323340893e+09
1.698955360423352003e+09
1.698955360523363113e+09
1.698955360623380899e+09
1.698955360723397970e+09
1.698955360823415041e+09
1.698955360923427105e+09
1.698955361023418903e+09
1.698955361123387098e+09
1.698955361223351955e+09
1.698955361323333979e+09
1.698955361423316956e+09
1.698955361523240089e+09
1.698955361623133898e+09
1.698955361723027945e+09
1.698955361822932959e+09
1.698955361922833920e+09
1.698955362022732019e+09
1.698955362122627020e+09
1.698955362222501993e+09
1.698955362322365046e+09
1.698955362422250986e+09
1.698955362522145987e+09
1.698955362622045994e+09
1.698955362721956015e+09
1.698955362821837902e+09
1.698955362921704054e+09
1.698955363021580935e+09
1.698955363121481895e+09
1.698955363221405029e+09
1.698955363321346045e+09
1.698955363421284914e+09
1.698955363521209955e+09
1.698955363621123075e+09
1.698955363721035004e+09
1.698955363820977926e+09
1.698955363920933962e+09
1.698955364020889044e+09
1.698955364120829105e+09
1.698955364220778942e+09
1.698955364320750952e+09
1.698955364420749903e+09
1.698955364520716906e+09
1.698955364620687962e+09
1.698955364720658064e+09
1.698955364820616961e+09
1.698955364920604944e+09
1.698955365020597935e+09
1.698955365120582104e+09
1.698955365220566988e+09
1.698955365320564032e+09
1.698955365420563936e+09
1.698955365520555019e+09
1.698955365620534897e+09
1.698955365720513105e+09
1.698955365820483923e+09
1.698955365920452118e+09
1.698955366020412922e+09
1.698955366120378971e+09
1.698955366220345020e+09
1.698955366320327997e+09
1.698955366420280933e+09
1.698955366520231962e+09
1.698955366620177984e+09
1.698955366720113039e+09
1.698955366820046902e+09
1.698955366919976950e+09
1.698955367019895077e+09
1.698955367119811058e+09
1.698955367219727039e+09
1.698955367319664001e+09
1.698955367419576883e+09
1.698955367519500971e+09
1.698955367619430065e+09
1.698955367719362020e+09
1.698955367819302082e+09
1.698955367919246912e+09
1.698955368019196987e+09
1.698955368119149923e+09
1.698955368219105005e+09
1.698955368319052935e+09
1.698955368419023037e+09
1.698955368419023037e+09
1.698955368419023037e+09
1.698955368718959093e+09
1.698955368818947077e+09
1.698955368918935061e+09
1.698955369018924952e+09
1.698955369118915081e+09
1.698955369218908072e+09
1.698955369318902016e+09
1.698955369418894053e+09
1.698955369518886089e+09
1.698955369618880987e+09
1.698955369718875885e+09
1.698955369818867922e+09
1.698955369918858051e+09
1.698955370018846035e+09
1.698955370118830919e+09
1.698955370218818903e+09
1.698955370318814993e+09
1.698955370418796062e+09
1.698955370518773079e+09
1.698955370618752956e+09
1.698955370718734980e+09
1.698955370818718910e+09
1.698955370918708086e+09
1.698955371018693924e+09
1.698955371118675947e+09
1.698955371218661070e+09
1.698955371318624973e+09
1.698955371418622971e+09
1.698955371518623114e+09
1.698955371618619919e+09
1.698955371718611956e+09
1.698955371818599939e+09
1.698955371918586969e+09
1.698955372018567085e+09
1.698955372118544102e+09
1.698955372218528032e+09
1.698955372318541050e+09
1.698955372418531895e+09
1.698955372518518925e+09
1.698955372618504047e+09
1.698955372718493938e+09
1.698955372818487883e+09
1.698955372918483973e+09
1.698955373018479109e+09
1.698955373118472099e+09
1.698955373218462944e+09
1.698955373318423986e+09
1.698955373418420076e+09
1.698955373518414974e+09
1.698955373618412971e+09
1.698955373718426943e+09
1.698955373818449974e+09
1.698955373918486118e+09
1.698955374018517971e+09
1.698955374118534088e+09
1.698955374218535900e+09
1.698955374318536043e+09
1.698955374418540955e+09
1.698955374418540955e+09
1.698955374418540955e+09
1.698955374418540955e+09
1.698955374418540955e+09
1.698955374418540955e+09
1.698955375018726110e+09
1.698955375118760109e+09
1.698955375218782902e+09
1.698955375318811893e+09
1.698955375418821096e+09
1.698955375518830061e+09
1.698955375618841887e+09
1.698955375718859911e+09
1.698955375818866014e+09
1.698955375918879032e+09
1.698955376018884897e+09
1.698955376118889093e+09
1.698955376218888044e+09
1.698955376318912029e+09
1.698955376418901920e+09
1.698955376518897057e+09
1.698955376518897057e+09
1.698955376518897057e+09
1.698955376818871975e+09
1.698955376918874979e+09
1.698955377018884897e+09
1.698955377118889093e+09
1.698955377218884945e+09
1.698955377318864107e+09
1.698955377418896914e+09
1.698955377518948078e+09
1.698955377618957996e+09
1.698955377718930006e+09
1.698955377818895102e+09
1.698955377918860912e+09
1.698955378018819094e+09
1.698955378118773937e+09
1.698955378218725920e+09
1.698955378318674088e+09
1.698955378418687105e+09
1.698955378518716097e+09
1.698955378618736029e+09
1.698955378718744040e+09
1.698955378818726063e+09
1.698955378918678045e+09
1.698955379018630028e+09
1.698955379118587017e+09
1.698955379218544006e+09
1.698955379318485022e+09
1.698955379418442011e+09
1.698955379518402100e+09
1.698955379618362904e+09
1.698955379718326092e+09
1.698955379818289995e+09
1.698955379918256044e+09
1.698955380018224001e+09
1.698955380118201017e+09
1.698955380218182087e+09
1.698955380318161011e+09
1.698955380418147087e+09
1.698955380518131018e+09
1.698955380618113041e+09
1.698955380718105078e+09
1.698955380818114042e+09
1.698955380918133020e+09
1.698955381018165112e+09
1.698955381118217945e+09
1.698955381218274117e+09
1.698955381318347931e+09
1.698955381418415070e+09
1.698955381518476009e+09
1.698955381618531942e+09
1.698955381718580008e+09
1.698955381818618059e+09
1.698955381918648005e+09
1.698955382018667936e+09
1.698955382118684053e+09
1.698955382118684053e+09
1.698955382118684053e+09
1.698955382418715954e+09
1.698955382518763065e+09
1.698955382618807077e+09
1.698955382718842030e+09
1.698955382818878889e+09
1.698955382918920040e+09
1.698955383018944025e+09
1.698955383118948936e+09
1.698955383218925953e+09
1.698955383318913937e+09
1.698955383418879986e+09
1.698955383518841028e+09
1.698955383618799925e+09
1.698955383718755007e+09
1.698955383818726063e+09
1.698955383918684006e+09
1.698955384018651009e+09
1.698955384118622065e+09
1.698955384218590021e+09
1.698955384318550110e+09
1.698955384418535948e+09
1.698955384518517017e+09
1.698955384618500948e+09
1.698955384718430996e+09
1.698955384818310976e+09
1.698955384918209076e+09
1.698955385018112898e+09
1.698955385118021965e+09
1.698955385217942953e+09
1.698955385317892075e+09
1.698955385417866945e+09
1.698955385517836094e+09
1.698955385617796898e+09
1.698955385717890978e+09
1.698955385818042040e+09
1.698955385918164968e+09
1.698955386018286943e+09
1.698955386118417025e+09
1.698955386218513012e+09
1.698955386318514109e+09
1.698955386418508053e+09
1.698955386518526077e+09
1.698955386618494034e+09
1.698955386718489885e+09
1.698955386818432093e+09
1.698955386918392897e+09
1.698955387018412113e+09
1.698955387118360996e+09
1.698955387218291998e+09
1.698955387318274021e+09
1.698955387418324947e+09
1.698955387518372059e+09
1.698955387618429899e+09
1.698955387718566895e+09
1.698955387818593979e+09
1.698955387918565035e+09
1.698955388018666029e+09
1.698955388119004011e+09
1.698955388218954086e+09
1.698955388319067955e+09
1.698955388419018984e+09
1.698955388518978119e+09
1.698955388618870020e+09
1.698955388718801022e+09
1.698955388818754911e+09
1.698955388918795109e+09
1.698955389018802881e+09
1.698955389119107962e+09
1.698955389219228029e+09
1.698955389319503069e+09
1.698955389419908047e+09
1.698955389520335913e+09
1.698955389620810986e+09
1.698955389721050024e+09
1.698955389821264029e+09
1.698955389921660900e+09
1.698955390022001028e+09
1.698955390121911049e+09
1.698955390221857071e+09
1.698955390321650028e+09
1.698955390421521902e+09
1.698955390521284103e+09
1.698955390621061087e+09
1.698955390720848083e+09
1.698955390820632935e+09
1.698955390920439959e+09
1.698955391020248890e+09
1.698955391120336056e+09
1.698955391220406055e+09
1.698955391320765972e+09
1.698955391421318054e+09
1.698955391521738052e+09
1.698955391622275114e+09
1.698955391722896099e+09
1.698955391823452950e+09
1.698955391923872948e+09
1.698955392024204016e+09
1.698955392124453068e+09
1.698955392224643946e+09
1.698955392324721098e+09
1.698955392424760103e+09
1.698955392524703026e+09
1.698955392624733925e+09
1.698955392724736929e+09
1.698955392824721098e+09
1.698955392924669981e+09
1.698955393024667978e+09
1.698955393124582052e+09
1.698955393224505901e+09
1.698955393324430943e+09
1.698955393424380064e+09
1.698955393524363995e+09
1.698955393624357939e+09
1.698955393724396944e+09
1.698955393824392080e+09
1.698955393924335003e+09
1.698955394024297953e+09
1.698955394124187946e+09
1.698955394224106073e+09
1.698955394324069023e+09
1.698955394423913002e+09
1.698955394523823023e+09
1.698955394623759985e+09
1.698955394723788977e+09
1.698955394823807001e+09
1.698955394923878908e+09
1.698955395023952961e+09
1.698955395124109030e+09
1.698955395224314928e+09
1.698955395324536085e+09
1.698955395424664021e+09
1.698955395524755955e+09
1.698955395624864101e+09
1.698955395724991083e+09
1.698955395825097084e+09
1.698955395925143003e+09
1.698955396025168896e+09
1.698955396125181913e+09
1.698955396225172043e+09
1.698955396325208902e+09
1.698955396425215006e+09
1.698955396525173903e+09
1.698955396625066996e+09
1.698955396724948883e+09
1.698955396824803114e+09
1.698955396924686909e+09
1.698955397024550915e+09
1.698955397124424934e+09
1.698955397224293947e+09
1.698955397324156046e+09
1.698955397423953056e+09
1.698955397523727894e+09
1.698955397623516083e+09
1.698955397723263025e+09
1.698955397822973013e+09
1.698955397922696114e+09
1.698955398022445917e+09
1.698955398122242928e+09
1.698955398222058058e+09
1.698955398321870089e+09
1.698955398421724081e+09
1.698955398521601915e+09
1.698955398621509075e+09
1.698955398721451044e+09
1.698955398821398020e+09
1.698955398921344995e+09
1.698955399021284103e+09
1.698955399121232986e+09
1.698955399221189022e+09
1.698955399321155071e+09
1.698955399421097040e+09
1.698955399521028042e+09
1.698955399620937109e+09
1.698955399720860004e+09
1.698955399820796013e+09
1.698955399920726061e+09
1.698955400020661116e+09
1.698955400120604992e+09
1.698955400220541000e+09
1.698955400320481062e+09
1.698955400420432091e+09
1.698955400520391941e+09
1.698955400620362043e+09
1.698955400720345974e+09
1.698955400820348024e+09
1.698955400920351028e+09
1.698955401020345926e+09
1.698955401120318890e+09
1.698955401220288038e+09
1.698955401320292950e+09
1.698955401420295000e+09
1.698955401520314932e+09
1.698955401620316029e+09
1.698955401720284939e+09
1.698955401820276976e+09
1.698955401920269966e+09
1.698955402020273924e+09
1.698955402120296955e+09
1.698955402220318079e+09
1.698955402320344925e+09
1.698955402420336962e+09
1.698955402520322084e+09
1.698955402620343924e+09
1.698955402720392942e+09
1.698955402820385933e+09
1.698955402920407057e+09
1.698955403020416021e+09
1.698955403120403051e+09
1.698955403220381021e+09
1.698955403320313931e+09
1.698955403420243025e+09
1.698955403520144939e+09
1.698955403620035887e+09
1.698955403719922066e+09
1.698955403819798946e+09
1.698955403919677019e+09
1.698955404019558907e+09
1.698955404119443893e+09
1.698955404219330072e+09
1.698955404319209099e+09
1.698955404419109106e+09
1.698955404519020081e+09
1.698955404618932962e+09
1.698955404718858957e+09
1.698955404818799973e+09
1.698955404918752909e+09
1.698955405018708944e+09
1.698955405118674040e+09
1.698955405218652964e+09
1.698955405318656921e+09
1.698955405418639898e+09
1.698955405518626928e+09
1.698955405618626118e+09
1.698955405718638897e+09
1.698955405818655014e+09
1.698955405918668032e+09
1.698955406018690109e+09
1.698955406118726015e+09
1.698955406218775988e+09
1.698955406318859100e+09
1.698955406418926954e+09
1.698955406518963099e+09
1.698955406618983984e+09
1.698955406719005108e+09
1.698955406819041967e+09
1.698955406919066906e+09
1.698955407019097090e+09
1.698955407119117022e+09
1.698955407219122887e+09
1.698955407319099903e+09
1.698955407419116020e+09
1.698955407519129038e+09
1.698955407619144917e+09
1.698955407719177961e+09
1.698955407819222927e+09
1.698955407919275045e+09
1.698955408019319057e+09
1.698955408119369030e+09
1.698955408219434977e+09
1.698955408319513083e+09
1.698955408419600010e+09
1.698955408519635916e+09
1.698955408619692087e+09
1.698955408719763994e+09
1.698955408819829941e+09
1.698955408919898033e+09
1.698955409019948959e+09
1.698955409119990110e+09
1.698955409219991922e+09
1.698955409319994926e+09
1.698955409419995070e+09
1.698955409519984007e+09
1.698955409619966984e+09
1.698955409719933987e+09
1.698955409819873095e+09
1.698955409919801950e+09
1.698955410019727945e+09
1.698955410119651079e+09
1.698955410219566107e+09
1.698955410319459915e+09
1.698955410419389009e+09
1.698955410419389009e+09
1.698955410419389009e+09
1.698955410419389009e+09
1.698955410419389009e+09
1.698955410419389009e+09
1.698955411018996000e+09
1.698955411118949890e+09
1.698955411218879938e+09
1.698955411318809986e+09
1.698955411418747902e+09
1.698955411518687963e+09
1.698955411618628979e+09
1.698955411718580008e+09
1.698955411818531036e+09
1.698955411918488026e+09
1.698955412018450022e+09
1.698955412118422031e+09
1.698955412218405008e+09
1.698955412318372011e+09
1.698955412418370008e+09
1.698955412518372059e+09
1.698955412618377924e+09
1.698955412718385935e+09
1.698955412818384886e+09
1.698955412918370962e+09
1.698955413018343925e+09
1.698955413118326902e+09
1.698955413218326092e+09
1.698955413318336964e+09
1.698955413418363094e+09
1.698955413518400908e+09
1.698955413618441105e+09
1.698955413718482018e+09
1.698955413818516970e+09
1.698955413918546915e+09
1.698955414018574953e+09
1.698955414118607044e+09
1.698955414218645096e+09
1.698955414318701029e+09
1.698955414418749094e+09
1.698955414518790007e+09
1.698955414618815899e+09
1.698955414718835115e+09
1.698955414818855047e+09
1.698955414918881893e+09
1.698955415018913984e+09
1.698955415118956089e+09
1.698955415219005108e+09
1.698955415319065094e+09
1.698955415419111013e+09
1.698955415519135952e+09
1.698955415619141102e+09
1.698955415719127893e+09
1.698955415819108963e+09
1.698955415919087887e+09
1.698955416019069910e+09
1.698955416119069099e+09
1.698955416219084024e+09
1.698955416319133997e+09
1.698955416419164896e+09
1.698955416519196033e+09
1.698955416619220018e+09
1.698955416619220018e+09
1.698955416619220018e+09
1.698955416619220018e+09
1.698955417019260883e+09
1.698955417119270086e+09
1.698955417219278097e+09
1.698955417319267988e+09
1.698955417419291019e+09
1.698955417519315004e+09
1.698955417619330883e+09
1.698955417719345093e+09
1.698955417819344997e+09
1.698955417919332027e+09
1.698955418019304037e+09
1.698955418119266033e+09
1.698955418219223022e+09
1.698955418319135904e+09
1.698955418419090033e+09
1.698955418519052029e+09
1.698955418619018078e+09
1.698955418718993902e+09
1.698955418818977118e+09
1.698955418918958902e+09
1.698955419018944025e+09
1.698955419118931055e+09
1.698955419218925953e+09
1.698955419318977118e+09
1.698955419418984890e+09
1.698955419519001007e+09
1.698955419619024038e+09
1.698955419719043970e+09
1.698955419819066048e+09
1.698955419919076920e+09
1.698955420019082069e+09
1.698955420119082928e+09
1.698955420219089031e+09
1.698955420319097042e+09
1.698955420419096947e+09
1.698955420519088030e+09
1.698955420619057894e+09
1.698955420718883991e+09
1.698955420818722010e+09
1.698955420918565989e+09
1.698955421018420935e+09
1.698955421118284941e+09
1.698955421218158960e+09
1.698955421218158960e+09
1.698955421418203115e+09
1.698955421518280029e+09
1.698955421618350029e+09
1.698955421718413115e+09
1.698955421818475008e+09
1.698955421918531895e+09
1.698955422018584013e+09
1.698955422118624926e+09
1.698955422218656063e+09
1.698955422218656063e+09
1.698955422418694019e+09
1.698955422518699884e+09
1.698955422618700981e+09
1.698955422618700981e+09
1.698955422618700981e+09
1.698955422618700981e+09
1.698955423018681049e+09
1.698955423118685961e+09
1.698955423218698025e+09
1.698955423318710089e+09
1.698955423418390036e+09
1.698955423518400908e+09
1.698955423618416071e+09
1.698955423718430042e+09
1.698955423818447113e+09
1.698955423918467045e+09
1.698955424018484116e+09
1.698955424118504047e+09
1.698955424218523979e+09
1.698955424318531036e+09
1.698955424418593884e+09
1.698955424518599033e+09
1.698955424618606091e+09
1.698955424718605042e+09
1.698955424818595886e+09
1.698955424918581009e+09
1.698955425018558979e+09
1.698955425118530989e+09
1.698955425218501091e+09
1.698955425318471909e+09
1.698955425418450117e+09
1.698955425518441916e+09
1.698955425618448019e+09
1.698955425718475103e+09
1.698955425818531990e+09
1.698955425918617010e+09
1.698955426018712997e+09
1.698955426118797064e+09
1.698955426218857050e+09
1.698955426318857908e+09
1.698955426418718100e+09
1.698955426518551111e+09
1.698955426618402004e+09
1.698955426718262911e+09
1.698955426818126917e+09
1.698955426918005943e+09
1.698955427017966032e+09
1.698955427118007898e+09
1.698955427218050003e+09
1.698955427318051100e+09
1.698955427418054104e+09
1.698955427518023968e+09
1.698955427618031979e+09
1.698955427718067884e+09
1.698955427818126917e+09
1.698955427918200970e+09
1.698955428018285990e+09
1.698955428118365049e+09
1.698955428218384027e+09
1.698955428318351030e+09
1.698955428418344021e+09
1.698955428518369913e+09
1.698955428618444920e+09
1.698955428718503952e+09
1.698955428818552017e+09
1.698955428918565035e+09
1.698955429018590927e+09
1.698955429118571997e+09
1.698955429218588114e+09
1.698955429318624020e+09
1.698955429418616056e+09
1.698955429518651009e+09
1.698955429618742943e+09
1.698955429718763113e+09
1.698955429818757057e+09
1.698955429918768883e+09
1.698955430018728971e+09
1.698955430118674040e+09
1.698955430218653917e+09
1.698955430318609953e+09
1.698955430418653011e+09
1.698955430518768072e+09
1.698955430618907928e+09
1.698955430719049931e+09
1.698955430819138050e+09
1.698955430919188023e+09
1.698955431019208908e+09
1.698955431119124889e+09
1.698955431219017029e+09
1.698955431318914890e+09
1.698955431418826103e+09
1.698955431518758059e+09
1.698955431618670940e+09
1.698955431718621969e+09
1.698955431818579912e+09
1.698955431918528080e+09
1.698955432018441916e+09
1.698955432118387938e+09
1.698955432218313932e+09
1.698955432318197966e+09
1.698955432418087006e+09
1.698955432518022060e+09
1.698955432617974043e+09
1.698955432717932940e+09
1.698955432817915916e+09
1.698955432917897940e+09
1.698955433017882109e+09
1.698955433117873907e+09
1.698955433217871904e+09
1.698955433317882061e+09
1.698955433417869091e+09
1.698955433517854929e+09
1.698955433617796898e+09
1.698955433717716932e+09
1.698955433817661047e+09
1.698955433917603970e+09
1.698955434017584085e+09
1.698955434117623091e+09
1.698955434217657089e+09
1.698955434317667961e+09
1.698955434417700052e+09
1.698955434517673969e+09
1.698955434617652893e+09
1.698955434717608929e+09
1.698955434717608929e+09
1.698955434717608929e+09
1.698955435017469883e+09
1.698955435117439032e+09
1.698955435217432976e+09
1.698955435317424059e+09
1.698955435417385101e+09
1.698955435517344952e+09
1.698955435617281914e+09
1.698955435717206001e+09
1.698955435817136049e+09
1.698955435917079926e+09
1.698955436017029047e+09
1.698955436116976976e+09
1.698955436216933966e+09
1.698955436316895962e+09
1.698955436416877031e+09
1.698955436516822100e+09
1.698955436616791964e+09
1.698955436716763020e+09
1.698955436816734076e+09
1.698955436916708946e+09
1.698955437016683102e+09
1.698955437116642952e+09
1.698955437216618061e+09
1.698955437316634893e+09
1.698955437416668892e+09
1.698955437516706944e+09
1.698955437616743088e+09
1.698955437716763973e+09
1.698955437816778898e+09
1.698955437916810989e+09
1.698955438016854048e+09
1.698955438116890907e+09
1.698955438216928005e+09
1.698955438316958904e+09
1.698955438416997910e+09
1.698955438516993999e+09
1.698955438616970062e+09
1.698955438716938019e+09
1.698955438816917896e+09
1.698955438916887045e+09
1.698955439016875029e+09
1.698955439116854906e+09
1.698955439216834068e+09
1.698955439316848993e+09
1.698955439416868925e+09
1.698955439516875982e+09
1.698955439616883039e+09
1.698955439716885090e+09
1.698955439816884995e+09
1.698955439916877985e+09
1.698955440016871929e+09
1.698955440116871119e+09
1.698955440216865063e+09
1.698955440316864014e+09
1.698955440416845083e+09
1.698955440516849041e+09
1.698955440616861105e+09
1.698955440716871023e+09
1.698955440816884041e+09
1.698955440916907072e+09
1.698955441016947031e+09
1.698955441116983891e+09
1.698955441217020035e+09
1.698955441317054033e+09
1.698955441417095900e+09
1.698955441517138958e+09
1.698955441617188931e+09
1.698955441717252016e+09
1.698955441817328930e+09
1.698955441917454958e+09
1.698955442017580986e+09
1.698955442117703915e+09
1.698955442217828035e+09
1.698955442318005085e+09
1.698955442418143034e+09
1.698955442518376112e+09
1.698955442618665934e+09
1.698955442718950033e+09
1.698955442819221973e+09
1.698955442919425011e+09
1.698955443019857883e+09
1.698955443120090961e+09
1.698955443220288038e+09
1.698955443320807934e+09
1.698955443421348095e+09
1.698955443521939039e+09
1.698955443622189999e+09
1.698955443722366095e+09
1.698955443822617054e+09
1.698955443923060894e+09
1.698955444023427963e+09
1.698955444124121904e+09
1.698955444224689960e+09
1.698955444325026035e+09
1.698955444425338984e+09
1.698955444526371002e+09
1.698955444627034903e+09
1.698955444727802992e+09
1.698955444828463078e+09
1.698955444929212093e+09
1.698955445029917002e+09
1.698955445130434990e+09
1.698955445230942011e+09
1.698955445331404924e+09
1.698955445431917906e+09
1.698955445532373905e+09
1.698955445632827044e+09
1.698955445733228922e+09
1.698955445833626986e+09
1.698955445933911085e+09
1.698955446034174919e+09
1.698955446134310007e+09
1.698955446234376907e+09
1.698955446334400892e+09
1.698955446434469938e+09
1.698955446534576893e+09
1.698955446634720087e+09
1.698955446734803915e+09
1.698955446834878922e+09
1.698955446934954882e+09
1.698955447035068035e+09
1.698955447135175943e+09
1.698955447235213995e+09
1.698955447335110903e+09
1.698955447435010910e+09
1.698955447534924030e+09
1.698955447634917974e+09
1.698955447734951973e+09
1.698955447835016012e+09
1.698955447935112000e+09
1.698955448035151005e+09
1.698955448135196924e+09
1.698955448235277891e+09
1.698955448335411072e+09
1.698955448435465097e+09
1.698955448535492897e+09
1.698955448635472059e+09
1.698955448735424042e+09
1.698955448835447073e+09
1.698955448935461044e+09
1.698955449035329103e+09
1.698955449135126114e+09
1.698955449234905005e+09
1.698955449334559917e+09
1.698955449434195042e+09
1.698955449533821106e+09
1.698955449633393049e+09
1.698955449733011007e+09
1.698955449832468987e+09
1.698955449931874037e+09
1.698955450031404972e+09
1.698955450131205082e+09
1.698955450231175900e+09
1.698955450331207037e+09
1.698955450431237936e+09
1.698955450531333923e+09
1.698955450631294966e+09
1.698955450731172085e+09
1.698955450830926895e+09
1.698955450930763006e+09
1.698955450930763006e+09
1.698955450930763006e+09
1.698955450930763006e+09
1.698955451330244064e+09
1.698955451430222988e+09
1.698955451530301094e+09
1.698955451630486965e+09
1.698955451730644941e+09
1.698955451830677986e+09
1.698955451930634975e+09
1.698955452030576944e+09
1.698955452130384922e+09
1.698955452230067968e+09
1.698955452329705000e+09
1.698955452429207087e+09
1.698955452528580904e+09
1.698955452627968073e+09
1.698955452727361917e+09
1.698955452826780081e+09
1.698955452926229954e+09
1.698955453025710106e+09
1.698955453125226974e+09
1.698955453224776030e+09
1.698955453324359894e+09
1.698955453423978090e+09
1.698955453523617029e+09
1.698955453623295069e+09
1.698955453723027945e+09
1.698955453822823048e+09
1.698955453922617912e+09
1.698955454022402048e+09
1.698955454122215033e+09
1.698955454222063065e+09
1.698955454321897030e+09
1.698955454421755075e+09
1.698955454521605015e+09
1.698955454621458054e+09
1.698955454721281052e+09
1.698955454821090937e+09
1.698955454920901060e+09
1.698955455020706892e+09
1.698955455120510101e+09
1.698955455220316887e+09
1.698955455320132017e+09
1.698955455419961929e+09
1.698955455519795895e+09
1.698955455619642019e+09
1.698955455719496012e+09
1.698955455819375038e+09
1.698955455919270992e+09
1.698955456019191027e+09
1.698955456119129896e+09
1.698955456219079018e+09
1.698955456319022894e+09
1.698955456418996096e+09
1.698955456518945932e+09
1.698955456618875027e+09
1.698955456718800068e+09
1.698955456818727016e+09
1.698955456918667078e+09
1.698955456918667078e+09
1.698955456918667078e+09
1.698955456918667078e+09
1.698955457318515062e+09
1.698955457418508053e+09
1.698955457518475056e+09
1.698955457618432045e+09
1.698955457718393087e+09
1.698955457818353891e+09
1.698955457918318987e+09
1.698955458018282890e+09
1.698955458118257046e+09
1.698955458218244076e+09
1.698955458318224907e+09
1.698955458418205976e+09
1.698955458518182993e+09
1.698955458618155956e+09
1.698955458718132019e+09
1.698955458818109989e+09
1.698955458918090105e+09
1.698955459018071890e+09
1.698955459118062973e+09
1.698955459218060970e+09
1.698955459318067074e+09
1.698955459418093920e+09
1.698955459518105984e+09
1.698955459618122101e+09
1.698955459718135118e+09
1.698955459818146944e+09
1.698955459918154001e+09
1.698955460018155098e+09
1.698955460118145943e+09
1.698955460218142033e+09
1.698955460318141937e+09
1.698955460418122053e+09
1.698955460518112898e+09
1.698955460618107080e+09
1.698955460718116045e+09
1.698955460818135023e+09
1.698955460918155909e+09
1.698955461018178940e+09
1.698955461118205070e+09
1.698955461218235970e+09
1.698955461318267107e+09
1.698955461418288946e+09
1.698955461518321037e+09
1.698955461618359089e+09
1.698955461718400002e+09
1.698955461818438053e+09
1.698955461918473959e+09
1.698955462018503904e+09
1.698955462118532896e+09
1.698955462218555927e+09
1.698955462318573952e+09
1.698955462418556929e+09
1.698955462518563032e+09
1.698955462618577957e+09
1.698955462718589067e+09
1.698955462818598032e+09
1.698955462918603897e+09
1.698955463018604994e+09
1.698955463118597031e+09
1.698955463218581915e+09
1.698955463318566084e+09
1.698955463418554068e+09
1.698955463518544912e+09
1.698955463618537903e+09
1.698955463718538046e+09
1.698955463818540096e+09
1.698955463918536901e+09
1.698955464018533945e+09
1.698955464118525982e+09
1.698955464218513966e+09
1.698955464318510056e+09
1.698955464418534994e+09
1.698955464518538952e+09
1.698955464618550062e+09
1.698955464718564034e+09
1.698955464818586111e+09
1.698955464918620110e+09
1.698955465018667936e+09
1.698955465118720055e+09
1.698955465218775034e+09
1.698955465318854094e+09
1.698955465418912888e+09
1.698955465518991947e+09
1.698955465619069099e+09
1.698955465719136000e+09
1.698955465819197893e+09
1.698955465919253111e+09
1.698955466019309998e+09
1.698955466119380951e+09
1.698955466219470024e+09
1.698955466319583893e+09
1.698955466419709921e+09
1.698955466519825935e+09
1.698955466619946957e+09
1.698955466720065117e+09
1.698955466820180893e+09
1.698955466920263052e+09
1.698955467020334005e+09
1.698955467120388031e+09
1.698955467220453978e+09
1.698955467320514917e+09
1.698955467420595884e+09
1.698955467520682096e+09
1.698955467620733023e+09
1.698955467720783949e+09
1.698955467820820093e+09
1.698955467920852900e+09
1.698955468020867109e+09
1.698955468120873928e+09
1.698955468220818043e+09
1.698955468320797920e+09
1.698955468420780897e+09
1.698955468520754099e+09
1.698955468620673895e+09
1.698955468720597982e+09
1.698955468820477009e+09
1.698955468920315981e+09
1.698955469020184994e+09
1.698955469120008945e+09
1.698955469120008945e+09
1.698955469120008945e+09
1.698955469419539928e+09
1.698955469519433022e+09
1.698955469619355917e+09
1.698955469719278097e+09
1.698955469819215059e+09
1.698955469919166088e+09
1.698955470019119024e+09
1.698955470119070053e+09
1.698955470219060898e+09
1.698955470319032907e+09
1.698955470419006109e+09
1.698955470518950939e+09
1.698955470618912935e+09
1.698955470718863964e+09
1.698955470818828106e+09
1.698955470918797970e+09
1.698955471018779993e+09
1.698955471118766069e+09
1.698955471218736887e+09
1.698955471318705082e+09
1.698955471418695927e+09
1.698955471518676043e+09
1.698955471618669987e+09
1.698955471718676090e+09
1.698955471818687916e+09
1.698955471918697119e+09
1.698955472018712044e+09
1.698955472118737936e+09
1.698955472218779087e+09
1.698955472318829060e+09
1.698955472418839931e+09
1.698955472518887043e+09
1.698955472618927956e+09
1.698955472718992949e+09
1.698955472819047928e+09
1.698955472919090033e+09
1.698955473019141912e+09
1.698955473119193077e+09
1.698955473219229937e+09
1.698955473319251060e+09
1.698955473419245958e+09
1.698955473519232988e+09
1.698955473619204044e+09
1.698955473719163895e+09
1.698955473819112062e+09
1.698955473919070005e+09
1.698955474019022942e+09
1.698955474118968010e+09
1.698955474218919992e+09
1.698955474318871975e+09
1.698955474418807983e+09
1.698955474518754959e+09
1.698955474618710041e+09
1.698955474718660116e+09
1.698955474818612099e+09
1.698955474918561935e+09
1.698955475018517017e+09
1.698955475118479013e+09
1.698955475218441963e+09
1.698955475318408012e+09
1.698955475418360949e+09
1.698955475518328905e+09
1.698955475618295908e+09
1.698955475718262911e+09
1.698955475818228960e+09
1.698955475918193102e+09
1.698955476018160105e+09
1.698955476118127108e+09
1.698955476218096018e+09
1.698955476318067074e+09
1.698955476418046951e+09
1.698955476518023014e+09
1.698955476618001938e+09
1.698955476717981100e+09
1.698955476817960024e+09
1.698955476917943001e+09
1.698955477017926931e+09
1.698955477117911100e+09
1.698955477117911100e+09
1.698955477317884922e+09
1.698955477417886019e+09
1.698955477517875910e+09
1.698955477617865086e+09
1.698955477717854023e+09
1.698955477817845106e+09
1.698955477917835951e+09
1.698955478017828941e+09
1.698955478117821932e+09
1.698955478217817068e+09
1.698955478317810059e+09
1.698955478417774916e+09
1.698955478517765999e+09
1.698955478617758989e+09
1.698955478717753887e+09
1.698955478817748070e+09
1.698955478917743921e+09
1.698955479017740011e+09
1.698955479117736101e+09
1.698955479217731953e+09
1.698955479317729950e+09
1.698955479417715073e+09
1.698955479517713070e+09
1.698955479617711067e+09
1.698955479717709064e+09
1.698955479817707062e+09
1.698955479917706013e+09
1.698955480017707109e+09
1.698955480117707014e+09
1.698955480217706919e+09
1.698955480317707062e+09
1.698955480417706966e+09
1.698955480517707109e+09
1.698955480617707014e+09
1.698955480717706919e+09
1.698955480817707062e+09
1.698955480917706966e+09
1.698955481017707109e+09
1.698955481117707014e+09
1.698955481217706919e+09
1.698955481317707062e+09
1.698955481417735100e+09
1.698955481517735004e+09
1.698955481617734909e+09
1.698955481717736006e+09
1.698955481817734957e+09
1.698955481917735100e+09
1.698955482017735004e+09
1.698955482117734909e+09
1.698955482217736006e+09
1.698955482317734957e+09
1.698955482417711973e+09
1.698955482517712116e+09
1.698955482617712021e+09
1.698955482717711926e+09
1.698955482817712069e+09
1.698955482917711973e+09
1.698955483017712116e+09
1.698955483117712021e+09
1.698955483117712021e+09
1.698955483117712021e+09
1.698955483117712021e+09
1.698955483517693043e+09
1.698955483617692947e+09
1.698955483717693090e+09
1.698955483817692995e+09
1.698955483917692900e+09
1.698955484017693043e+09
1.698955484117692947e+09
1.698955484217693090e+09
1.698955484317692995e+09
1.698955484417721987e+09
1.698955484517721891e+09
1.698955484617722034e+09
1.698955484717721939e+09
1.698955484817722082e+09
1.698955484917721987e+09
1.698955485017721891e+09
1.698955485117722034e+09
1.698955485217721939e+09
1.698955485317722082e+09
1.698955485417730093e+09
1.698955485517729998e+09
1.698955485617729902e+09
1.698955485717730045e+09
1.698955485817729950e+09
1.698955485917730093e+09
1.698955486017729998e+09
1.698955486117729902e+09
1.698955486217730045e+09
1.698955486317729950e+09
1.698955486417722940e+09
1.698955486517723083e+09
1.698955486617722988e+09
1.698955486717722893e+09
1.698955486817723036e+09
1.698955486917722940e+09
1.698955487017723083e+09
1.698955487117722988e+09
1.698955487217722893e+09
1.698955487317723036e+09
1.698955487417707920e+09
1.698955487517708063e+09
1.698955487617707968e+09
1.698955487717708111e+09
1.698955487817708015e+09
1.698955487917707920e+09
1.698955488017708063e+09
1.698955488117707968e+09
1.698955488217708111e+09
1.698955488317708015e+09
1.698955488417721033e+09
1.698955488517721891e+09
1.698955488617722034e+09
1.698955488717721939e+09
1.698955488817722082e+09
1.698955488917721033e+09
1.698955489017721891e+09
1.698955489117722034e+09
1.698955489217721939e+09
1.698955489317722082e+09
1.698955489417709112e+09
1.698955489517709017e+09
1.698955489617708921e+09
1.698955489717709064e+09
1.698955489817708969e+09
1.698955489917709112e+09
1.698955490017709017e+09
1.698955490117708921e+09
1.698955490217709064e+09
1.698955490317708969e+09
1.698955490417709112e+09
1.698955490517709017e+09
1.698955490617708921e+09
1.698955490717709064e+09
1.698955490817708969e+09
1.698955490917709112e+09
1.698955491017709017e+09
1.698955491117708921e+09
1.698955491217709064e+09
1.698955491317708969e+09
1.698955491417691946e+09
1.698955491517692089e+09
1.698955491617691994e+09
1.698955491717691898e+09
1.698955491817692041e+09
1.698955491917691946e+09
1.698955492017692089e+09
1.698955492117691994e+09
1.698955492217691898e+09
1.698955492317692041e+09
1.698955492417687893e+09
1.698955492517688036e+09
1.698955492617687941e+09
1.698955492717688084e+09
1.698955492817687988e+09
1.698955492917687893e+09
1.698955493017688036e+09
1.698955493117687941e+09
1.698955493217688084e+09
1.698955493317687988e+09
1.698955493417712927e+09
1.698955493517713070e+09
1.698955493617712975e+09
1.698955493717713118e+09
1.698955493817713022e+09
1.698955493917712927e+09
1.698955494017713070e+09
1.698955494117712975e+09
1.698955494217713118e+09
1.698955494317713022e+09
1.698955494417709112e+09
1.698955494517709017e+09
1.698955494617708921e+09
1.698955494717709064e+09
1.698955494817708969e+09
1.698955494917709112e+09
1.698955495017709017e+09
1.698955495117708921e+09
1.698955495217709064e+09
1.698955495217709064e+09
1.698955495217709064e+09
1.698955495517689943e+09
1.698955495617690086e+09
1.698955495717689991e+09
1.698955495817689896e+09
1.698955495917690039e+09
1.698955496017689943e+09
1.698955496117690086e+09
1.698955496217689991e+09
1.698955496317689896e+09
1.698955496417690039e+09
1.698955496517689943e+09
1.698955496617690086e+09
1.698955496717689991e+09
1.698955496817689896e+09
1.698955496917690039e+09
1.698955497017689943e+09
1.698955497117690086e+09
1.698955497217689991e+09
1.698955497317689896e+09
1.698955497317689896e+09
1.698955497517613888e+09
1.698955497617614031e+09
1.698955497717613935e+09
1.698955497817614079e+09
1.698955497917613983e+09
1.698955498017613888e+09
1.698955498117614031e+09
1.698955498217613935e+09
1.698955498317614079e+09
1.698955498417613983e+09
1.698955498517282009e+09
1.698955498617281914e+09
1.698955498717283010e+09
1.698955498817281961e+09
1.698955498917282104e+09
1.698955499017282009e+09
1.698955499117281914e+09
1.698955499217283010e+09
1.698955499317281961e+09
1.698955499417282104e+09
1.698955499517313957e+09
1.698955499617314100e+09
1.698955499717314005e+09
1.698955499817313910e+09
1.698955499917314053e+09
1.698955500017313957e+09
1.698955500117314100e+09
1.698955500217314005e+09
1.698955500317313910e+09
1.698955500417314053e+09
1.698955500517371893e+09
1.698955500617372036e+09
1.698955500717371941e+09
1.698955500817372084e+09
1.698955500917371988e+09
1.698955501017371893e+09
1.698955501117372036e+09
1.698955501217371941e+09
1.698955501317372084e+09
1.698955501417371988e+09
1.698955501517415047e+09
1.698955501617414951e+09
1.698955501717415094e+09
1.698955501817414999e+09
1.698955501917414904e+09
1.698955502017415047e+09
1.698955502117414951e+09
1.698955502217415094e+09
1.698955502317414999e+09
1.698955502317414999e+09
1.698955502317414999e+09
1.698955502317414999e+09
1.698955502317414999e+09
1.698955502317414999e+09
1.698955502317414999e+09
1.698955502317414999e+09
1.698955502317414999e+09
1.698955502317414999e+09
1.698955502317414999e+09
1.698955502317414999e+09
1.698955503517487049e+09
1.698955503617486954e+09
1.698955503717487097e+09
1.698955503817487001e+09
1.698955503917486906e+09
1.698955504017487049e+09
1.698955504117486954e+09
1.698955504217487097e+09
1.698955504317487001e+09
1.698955504417486906e+09
1.698955504517493010e+09
1.698955504617492914e+09
1.698955504717493057e+09
1.698955504817492962e+09
1.698955504917493105e+09
1.698955505017493010e+09
1.698955505117492914e+09
1.698955505217493057e+09
1.698955505317492962e+09
1.698955505417493105e+09
1.698955505517503023e+09
1.698955505617502928e+09
1.698955505717503071e+09
1.698955505817502975e+09
1.698955505917503119e+09
1.698955506017503023e+09
1.698955506017503023e+09
1.698955506217503071e+09
1.698955506317502975e+09
1.698955506417503119e+09
1.698955506517510891e+09
1.698955506617511034e+09
1.698955506717510939e+09
1.698955506717510939e+09
1.698955506717510939e+09
1.698955506717510939e+09
1.698955507117511034e+09
1.698955507117511034e+09
1.698955507317511082e+09
1.698955507417510033e+09
1.698955507517537117e+09
1.698955507617537022e+09
1.698955507717536926e+09
1.698955507817537069e+09
1.698955507917536974e+09
1.698955508017537117e+09
1.698955508117537022e+09
1.698955508217536926e+09
1.698955508317537069e+09
1.698955508417536974e+09
1.698955508517569065e+09
1.698955508617568970e+09
1.698955508717569113e+09
1.698955508817569017e+09
1.698955508917568922e+09
1.698955509017569065e+09
1.698955509117568970e+09
1.698955509217569113e+09
1.698955509317569017e+09
1.698955509417568922e+09
1.698955509517554045e+09
1.698955509617553949e+09
1.698955509717554092e+09
1.698955509817553997e+09
1.698955509917553902e+09
1.698955510017554045e+09
1.698955510117553949e+09
1.698955510217554092e+09
1.698955510317553997e+09
1.698955510417553902e+09
1.698955510417553902e+09
1.698955510617546082e+09
1.698955510717545986e+09
1.698955510717545986e+09
1.698955510917546034e+09
1.698955511017545938e+09
1.698955511117546082e+09
1.698955511117546082e+09
1.698955511317545891e+09
1.698955511417546034e+09
1.698955511517586946e+09
