1.699989879380000114e+09
1.699989879400000095e+09
1.699989879420000076e+09
1.699989879440000057e+09
1.699989879460000038e+09
1.699989879480000019e+09
1.699989879500000000e+09
1.699989879519999981e+09
1.699989879539999962e+09
1.699989879559999943e+09
1.699989879579999924e+09
1.699989879599999905e+09
1.699989879619999886e+09
1.699989879640000105e+09
1.699989879660000086e+09
1.699989879680000067e+09
1.699989879700000048e+09
1.699989879720000029e+09
1.699989879740000010e+09
1.699989879759999990e+09
1.699989879779999971e+09
1.699989879799999952e+09
1.699989879819999933e+09
1.699989879839999914e+09
1.699989879859999895e+09
1.699989879880000114e+09
1.699989879900000095e+09
1.699989879920000076e+09
1.699989879940000057e+09
1.699989879960000038e+09
1.699989879980000019e+09
1.699989880000000000e+09
1.699989880019999981e+09
1.699989880039999962e+09
1.699989880059999943e+09
1.699989880079999924e+09
1.699989880099999905e+09
1.699989880119999886e+09
1.699989880140000105e+09
1.699989880160000086e+09
1.699989880180000067e+09
1.699989880200000048e+09
1.699989880220000029e+09
1.699989880240000010e+09
1.699989880259999990e+09
1.699989880279999971e+09
1.699989880299999952e+09
1.699989880319999933e+09
1.699989880339999914e+09
1.699989880359999895e+09
1.699989880380000114e+09
1.699989880400000095e+09
1.699989880420000076e+09
1.699989880440000057e+09
1.699989880460000038e+09
1.699989880480000019e+09
1.699989880500000000e+09
1.699989880519999981e+09
1.699989880539999962e+09
1.699989880559999943e+09
1.699989880579999924e+09
1.699989880599999905e+09
1.699989880619999886e+09
1.699989880640000105e+09
1.699989880660000086e+09
1.699989880680000067e+09
1.699989880700000048e+09
1.699989880720000029e+09
1.699989880740000010e+09
1.699989880759999990e+09
1.699989880779999971e+09
1.699989880799999952e+09
1.699989880819999933e+09
1.699989880839999914e+09
1.699989880859999895e+09
1.699989880880000114e+09
1.699989880900000095e+09
1.699989880920000076e+09
1.699989880940000057e+09
1.699989880960000038e+09
1.699989880980000019e+09
1.699989881000000000e+09
1.699989881019999981e+09
1.699989881039999962e+09
1.699989881059999943e+09
1.699989881079999924e+09
1.699989881099999905e+09
1.699989881119999886e+09
1.699989881140000105e+09
1.699989881160000086e+09
1.699989881180000067e+09
1.699989881200000048e+09
1.699989881220000029e+09
1.699989881240000010e+09
1.699989881259999990e+09
1.699989881279999971e+09
1.699989881299999952e+09
1.699989881319999933e+09
1.699989881339999914e+09
1.699989881359999895e+09
1.699989881380000114e+09
1.699989881400000095e+09
1.699989881420000076e+09
1.699989881440000057e+09
1.699989881460000038e+09
1.699989881480000019e+09
1.699989881500000000e+09
1.699989881519999981e+09
1.699989881539999962e+09
1.699989881559999943e+09
1.699989881579999924e+09
1.699989881599999905e+09
1.699989881619999886e+09
1.699989881640000105e+09
1.699989881660000086e+09
1.699989881680000067e+09
1.699989881700000048e+09
1.699989881720000029e+09
1.699989881740000010e+09
1.699989881759999990e+09
1.699989881779999971e+09
1.699989881799999952e+09
1.699989881819999933e+09
1.699989881839999914e+09
1.699989881859999895e+09
1.699989881880000114e+09
1.699989881900000095e+09
1.699989881920000076e+09
1.699989881940000057e+09
1.699989881960000038e+09
1.699989881980000019e+09
1.699989882000000000e+09
1.699989882019999981e+09
1.699989882039999962e+09
1.699989882059999943e+09
1.699989882079999924e+09
1.699989882099999905e+09
1.699989882119999886e+09
1.699989882140000105e+09
1.699989882160000086e+09
1.699989882180000067e+09
1.699989882200000048e+09
1.699989882220000029e+09
1.699989882240000010e+09
1.699989882259999990e+09
1.699989882279999971e+09
1.699989882299999952e+09
1.699989882319999933e+09
1.699989882339999914e+09
1.699989882359999895e+09
1.699989882380000114e+09
1.699989882400000095e+09
1.699989882420000076e+09
1.699989882440000057e+09
1.699989882460000038e+09
1.699989882480000019e+09
1.699989882500000000e+09
1.699989882519999981e+09
1.699989882539999962e+09
1.699989882559999943e+09
1.699989882579999924e+09
1.699989882599999905e+09
1.699989882619999886e+09
1.699989882640000105e+09
1.699989882660000086e+09
1.699989882680000067e+09
1.699989882700000048e+09
1.699989882720000029e+09
1.699989882740000010e+09
1.699989882759999990e+09
1.699989882779999971e+09
1.699989882799999952e+09
1.699989882819999933e+09
1.699989882839999914e+09
1.699989882859999895e+09
1.699989882880000114e+09
1.699989882900000095e+09
1.699989882920000076e+09
1.699989882940000057e+09
1.699989882960000038e+09
1.699989882980000019e+09
1.699989883000000000e+09
1.699989883019999981e+09
1.699989883039999962e+09
1.699989883059999943e+09
1.699989883079999924e+09
1.699989883099999905e+09
1.699989883119999886e+09
1.699989883140000105e+09
1.699989883160000086e+09
1.699989883180000067e+09
1.699989883200000048e+09
1.699989883220000029e+09
1.699989883240000010e+09
1.699989883259999990e+09
1.699989883279999971e+09
1.699989883299999952e+09
1.699989883319999933e+09
1.699989883339999914e+09
1.699989883359999895e+09
1.699989883380000114e+09
1.699989883400000095e+09
1.699989883420000076e+09
1.699989883440000057e+09
1.699989883460000038e+09
1.699989883480000019e+09
1.699989883500000000e+09
1.699989883519999981e+09
1.699989883539999962e+09
1.699989883559999943e+09
1.699989883579999924e+09
1.699989883599999905e+09
1.699989883619999886e+09
1.699989883640000105e+09
1.699989883660000086e+09
1.699989883680000067e+09
1.699989883700000048e+09
1.699989883720000029e+09
1.699989883740000010e+09
1.699989883759999990e+09
1.699989883779999971e+09
1.699989883799999952e+09
1.699989883819999933e+09
1.699989883839999914e+09
1.699989883859999895e+09
1.699989883880000114e+09
1.699989883900000095e+09
1.699989883920000076e+09
1.699989883940000057e+09
1.699989883960000038e+09
1.699989883980000019e+09
1.699989884000000000e+09
1.699989884019999981e+09
1.699989884039999962e+09
1.699989884059999943e+09
1.699989884079999924e+09
1.699989884099999905e+09
1.699989884119999886e+09
1.699989884140000105e+09
1.699989884160000086e+09
1.699989884180000067e+09
1.699989884200000048e+09
1.699989884220000029e+09
1.699989884240000010e+09
1.699989884259999990e+09
1.699989884279999971e+09
1.699989884299999952e+09
1.699989884319999933e+09
1.699989884339999914e+09
1.699989884359999895e+09
1.699989884380000114e+09
1.699989884400000095e+09
1.699989884420000076e+09
1.699989884440000057e+09
1.699989884460000038e+09
1.699989884480000019e+09
1.699989884500000000e+09
1.699989884519999981e+09
1.699989884539999962e+09
1.699989884559999943e+09
1.699989884579999924e+09
1.699989884599999905e+09
1.699989884619999886e+09
1.699989884640000105e+09
1.699989884660000086e+09
1.699989884680000067e+09
1.699989884700000048e+09
1.699989884720000029e+09
1.699989884740000010e+09
1.699989884759999990e+09
1.699989884779999971e+09
1.699989884799999952e+09
1.699989884819999933e+09
1.699989884839999914e+09
1.699989884859999895e+09
1.699989884880000114e+09
1.699989884900000095e+09
1.699989884920000076e+09
1.699989884940000057e+09
1.699989884960000038e+09
1.699989884980000019e+09
1.699989885000000000e+09
1.699989885019999981e+09
1.699989885039999962e+09
1.699989885059999943e+09
1.699989885079999924e+09
1.699989885099999905e+09
1.699989885119999886e+09
1.699989885140000105e+09
1.699989885160000086e+09
1.699989885180000067e+09
1.699989885200000048e+09
1.699989885220000029e+09
1.699989885240000010e+09
1.699989885259999990e+09
1.699989885279999971e+09
1.699989885299999952e+09
1.699989885319999933e+09
1.699989885339999914e+09
1.699989885359999895e+09
1.699989885380000114e+09
1.699989885400000095e+09
1.699989885420000076e+09
1.699989885440000057e+09
1.699989885460000038e+09
1.699989885480000019e+09
1.699989885500000000e+09
1.699989885519999981e+09
1.699989885539999962e+09
1.699989885559999943e+09
1.699989885579999924e+09
1.699989885599999905e+09
1.699989885619999886e+09
1.699989885640000105e+09
1.699989885660000086e+09
1.699989885680000067e+09
1.699989885700000048e+09
1.699989885720000029e+09
1.699989885740000010e+09
1.699989885759999990e+09
1.699989885779999971e+09
1.699989885799999952e+09
1.699989885819999933e+09
1.699989885839999914e+09
1.699989885859999895e+09
1.699989885880000114e+09
1.699989885900000095e+09
1.699989885920000076e+09
1.699989885940000057e+09
1.699989885960000038e+09
1.699989885980000019e+09
1.699989886000000000e+09
1.699989886019999981e+09
1.699989886039999962e+09
1.699989886059999943e+09
1.699989886079999924e+09
1.699989886099999905e+09
1.699989886119999886e+09
1.699989886140000105e+09
1.699989886160000086e+09
1.699989886180000067e+09
1.699989886200000048e+09
1.699989886220000029e+09
1.699989886240000010e+09
1.699989886259999990e+09
1.699989886279999971e+09
1.699989886299999952e+09
1.699989886319999933e+09
1.699989886339999914e+09
1.699989886359999895e+09
1.699989886380000114e+09
1.699989886400000095e+09
1.699989886420000076e+09
1.699989886440000057e+09
1.699989886460000038e+09
1.699989886480000019e+09
1.699989886500000000e+09
1.699989886519999981e+09
1.699989886539999962e+09
1.699989886559999943e+09
1.699989886579999924e+09
1.699989886599999905e+09
1.699989886619999886e+09
1.699989886640000105e+09
1.699989886660000086e+09
1.699989886680000067e+09
1.699989886700000048e+09
1.699989886720000029e+09
1.699989886740000010e+09
1.699989886759999990e+09
1.699989886779999971e+09
1.699989886799999952e+09
1.699989886819999933e+09
1.699989886839999914e+09
1.699989886859999895e+09
1.699989886880000114e+09
1.699989886900000095e+09
1.699989886920000076e+09
1.699989886940000057e+09
1.699989886960000038e+09
1.699989886980000019e+09
1.699989887000000000e+09
1.699989887019999981e+09
1.699989887039999962e+09
1.699989887059999943e+09
1.699989887079999924e+09
1.699989887099999905e+09
1.699989887119999886e+09
1.699989887140000105e+09
1.699989887160000086e+09
1.699989887180000067e+09
1.699989887200000048e+09
1.699989887220000029e+09
1.699989887240000010e+09
1.699989887259999990e+09
1.699989887279999971e+09
1.699989887299999952e+09
1.699989887319999933e+09
1.699989887339999914e+09
1.699989887359999895e+09
1.699989887380000114e+09
1.699989887400000095e+09
1.699989887420000076e+09
1.699989887440000057e+09
1.699989887460000038e+09
1.699989887480000019e+09
1.699989887500000000e+09
1.699989887519999981e+09
1.699989887539999962e+09
1.699989887559999943e+09
1.699989887579999924e+09
1.699989887599999905e+09
1.699989887619999886e+09
1.699989887640000105e+09
1.699989887660000086e+09
1.699989887680000067e+09
1.699989887700000048e+09
1.699989887720000029e+09
1.699989887740000010e+09
1.699989887759999990e+09
1.699989887779999971e+09
1.699989887799999952e+09
1.699989887819999933e+09
1.699989887839999914e+09
1.699989887859999895e+09
1.699989887880000114e+09
1.699989887900000095e+09
1.699989887920000076e+09
1.699989887940000057e+09
1.699989887960000038e+09
1.699989887980000019e+09
1.699989888000000000e+09
1.699989888019999981e+09
1.699989888039999962e+09
1.699989888059999943e+09
1.699989888079999924e+09
1.699989888099999905e+09
1.699989888119999886e+09
1.699989888140000105e+09
1.699989888160000086e+09
1.699989888180000067e+09
1.699989888200000048e+09
1.699989888220000029e+09
1.699989888240000010e+09
1.699989888259999990e+09
1.699989888279999971e+09
1.699989888299999952e+09
1.699989888319999933e+09
1.699989888339999914e+09
1.699989888359999895e+09
1.699989888380000114e+09
1.699989888400000095e+09
1.699989888420000076e+09
1.699989888440000057e+09
1.699989888460000038e+09
1.699989888480000019e+09
1.699989888500000000e+09
1.699989888519999981e+09
1.699989888539999962e+09
1.699989888559999943e+09
1.699989888579999924e+09
1.699989888599999905e+09
1.699989888619999886e+09
1.699989888640000105e+09
1.699989888660000086e+09
1.699989888680000067e+09
1.699989888700000048e+09
1.699989888720000029e+09
1.699989888740000010e+09
1.699989888759999990e+09
1.699989888779999971e+09
1.699989888799999952e+09
1.699989888819999933e+09
1.699989888839999914e+09
1.699989888859999895e+09
1.699989888880000114e+09
1.699989888900000095e+09
1.699989888920000076e+09
1.699989888940000057e+09
1.699989888960000038e+09
1.699989888980000019e+09
1.699989889000000000e+09
1.699989889019999981e+09
1.699989889039999962e+09
1.699989889059999943e+09
1.699989889079999924e+09
1.699989889099999905e+09
1.699989889119999886e+09
1.699989889140000105e+09
1.699989889160000086e+09
1.699989889180000067e+09
1.699989889200000048e+09
1.699989889220000029e+09
1.699989889240000010e+09
1.699989889259999990e+09
1.699989889279999971e+09
1.699989889299999952e+09
1.699989889319999933e+09
1.699989889339999914e+09
1.699989889359999895e+09
1.699989889380000114e+09
1.699989889400000095e+09
1.699989889420000076e+09
1.699989889440000057e+09
1.699989889460000038e+09
1.699989889480000019e+09
1.699989889500000000e+09
1.699989889519999981e+09
1.699989889539999962e+09
1.699989889559999943e+09
1.699989889579999924e+09
1.699989889599999905e+09
1.699989889619999886e+09
1.699989889640000105e+09
1.699989889660000086e+09
1.699989889680000067e+09
1.699989889700000048e+09
1.699989889720000029e+09
1.699989889740000010e+09
1.699989889759999990e+09
1.699989889779999971e+09
1.699989889799999952e+09
1.699989889819999933e+09
1.699989889839999914e+09
1.699989889859999895e+09
1.699989889880000114e+09
1.699989889900000095e+09
1.699989889920000076e+09
1.699989889940000057e+09
1.699989889960000038e+09
1.699989889980000019e+09
1.699989890000000000e+09
1.699989890019999981e+09
1.699989890039999962e+09
1.699989890059999943e+09
1.699989890079999924e+09
1.699989890099999905e+09
1.699989890119999886e+09
1.699989890140000105e+09
1.699989890160000086e+09
1.699989890180000067e+09
1.699989890200000048e+09
1.699989890220000029e+09
1.699989890240000010e+09
1.699989890259999990e+09
1.699989890279999971e+09
1.699989890299999952e+09
1.699989890319999933e+09
1.699989890339999914e+09
1.699989890359999895e+09
1.699989890380000114e+09
1.699989890400000095e+09
1.699989890420000076e+09
1.699989890440000057e+09
1.699989890460000038e+09
1.699989890480000019e+09
1.699989890500000000e+09
1.699989890519999981e+09
1.699989890539999962e+09
1.699989890559999943e+09
1.699989890579999924e+09
1.699989890599999905e+09
1.699989890619999886e+09
1.699989890640000105e+09
1.699989890660000086e+09
1.699989890680000067e+09
1.699989890700000048e+09
1.699989890720000029e+09
1.699989890740000010e+09
1.699989890759999990e+09
1.699989890779999971e+09
1.699989890799999952e+09
1.699989890819999933e+09
1.699989890839999914e+09
1.699989890859999895e+09
1.699989890880000114e+09
1.699989890900000095e+09
1.699989890920000076e+09
1.699989890940000057e+09
1.699989890960000038e+09
1.699989890980000019e+09
1.699989891000000000e+09
1.699989891019999981e+09
1.699989891039999962e+09
1.699989891059999943e+09
1.699989891079999924e+09
1.699989891099999905e+09
1.699989891119999886e+09
1.699989891140000105e+09
1.699989891160000086e+09
1.699989891180000067e+09
1.699989891200000048e+09
1.699989891220000029e+09
1.699989891240000010e+09
1.699989891259999990e+09
1.699989891279999971e+09
1.699989891299999952e+09
1.699989891319999933e+09
1.699989891339999914e+09
1.699989891359999895e+09
1.699989891380000114e+09
1.699989891400000095e+09
1.699989891420000076e+09
1.699989891440000057e+09
1.699989891460000038e+09
1.699989891480000019e+09
1.699989891500000000e+09
1.699989891519999981e+09
1.699989891539999962e+09
1.699989891559999943e+09
1.699989891579999924e+09
1.699989891599999905e+09
1.699989891619999886e+09
1.699989891640000105e+09
1.699989891660000086e+09
1.699989891680000067e+09
1.699989891700000048e+09
1.699989891720000029e+09
1.699989891740000010e+09
1.699989891759999990e+09
1.699989891779999971e+09
1.699989891799999952e+09
1.699989891819999933e+09
1.699989891839999914e+09
1.699989891859999895e+09
1.699989891880000114e+09
1.699989891900000095e+09
1.699989891920000076e+09
1.699989891940000057e+09
1.699989891960000038e+09
1.699989891980000019e+09
1.699989892000000000e+09
1.699989892019999981e+09
1.699989892039999962e+09
1.699989892059999943e+09
1.699989892079999924e+09
1.699989892099999905e+09
1.699989892119999886e+09
1.699989892140000105e+09
1.699989892160000086e+09
1.699989892180000067e+09
1.699989892200000048e+09
1.699989892220000029e+09
1.699989892240000010e+09
1.699989892259999990e+09
1.699989892279999971e+09
1.699989892299999952e+09
1.699989892319999933e+09
1.699989892339999914e+09
1.699989892359999895e+09
1.699989892380000114e+09
1.699989892400000095e+09
1.699989892420000076e+09
1.699989892440000057e+09
1.699989892460000038e+09
1.699989892480000019e+09
1.699989892500000000e+09
1.699989892519999981e+09
1.699989892539999962e+09
1.699989892559999943e+09
1.699989892579999924e+09
1.699989892599999905e+09
1.699989892619999886e+09
1.699989892640000105e+09
1.699989892660000086e+09
1.699989892680000067e+09
1.699989892700000048e+09
1.699989892720000029e+09
1.699989892740000010e+09
1.699989892759999990e+09
1.699989892779999971e+09
1.699989892799999952e+09
1.699989892819999933e+09
1.699989892839999914e+09
1.699989892859999895e+09
1.699989892880000114e+09
1.699989892900000095e+09
1.699989892920000076e+09
1.699989892940000057e+09
1.699989892960000038e+09
1.699989892980000019e+09
1.699989893000000000e+09
1.699989893019999981e+09
1.699989893039999962e+09
1.699989893059999943e+09
1.699989893079999924e+09
1.699989893099999905e+09
1.699989893119999886e+09
1.699989893140000105e+09
1.699989893160000086e+09
1.699989893180000067e+09
1.699989893200000048e+09
1.699989893220000029e+09
1.699989893240000010e+09
1.699989893259999990e+09
1.699989893279999971e+09
1.699989893299999952e+09
1.699989893319999933e+09
1.699989893339999914e+09
1.699989893359999895e+09
1.699989893380000114e+09
1.699989893400000095e+09
1.699989893420000076e+09
1.699989893440000057e+09
1.699989893460000038e+09
1.699989893480000019e+09
1.699989893500000000e+09
1.699989893519999981e+09
1.699989893539999962e+09
1.699989893559999943e+09
1.699989893579999924e+09
1.699989893599999905e+09
1.699989893619999886e+09
1.699989893640000105e+09
1.699989893660000086e+09
1.699989893680000067e+09
1.699989893700000048e+09
1.699989893720000029e+09
1.699989893740000010e+09
1.699989893759999990e+09
1.699989893779999971e+09
1.699989893799999952e+09
1.699989893819999933e+09
1.699989893839999914e+09
1.699989893859999895e+09
1.699989893880000114e+09
1.699989893900000095e+09
1.699989893920000076e+09
1.699989893940000057e+09
1.699989893960000038e+09
1.699989893980000019e+09
1.699989894000000000e+09
1.699989894019999981e+09
1.699989894039999962e+09
1.699989894059999943e+09
1.699989894079999924e+09
1.699989894099999905e+09
1.699989894119999886e+09
1.699989894140000105e+09
1.699989894160000086e+09
1.699989894180000067e+09
1.699989894200000048e+09
1.699989894220000029e+09
1.699989894240000010e+09
1.699989894259999990e+09
1.699989894279999971e+09
1.699989894299999952e+09
1.699989894319999933e+09
1.699989894339999914e+09
1.699989894359999895e+09
1.699989894380000114e+09
1.699989894400000095e+09
1.699989894420000076e+09
1.699989894440000057e+09
1.699989894460000038e+09
1.699989894480000019e+09
1.699989894500000000e+09
1.699989894519999981e+09
1.699989894539999962e+09
1.699989894559999943e+09
1.699989894579999924e+09
1.699989894599999905e+09
1.699989894619999886e+09
1.699989894640000105e+09
1.699989894660000086e+09
1.699989894680000067e+09
1.699989894700000048e+09
1.699989894720000029e+09
1.699989894740000010e+09
1.699989894759999990e+09
1.699989894779999971e+09
1.699989894799999952e+09
1.699989894819999933e+09
1.699989894839999914e+09
1.699989894859999895e+09
1.699989894880000114e+09
1.699989894900000095e+09
1.699989894920000076e+09
1.699989894940000057e+09
1.699989894960000038e+09
1.699989894980000019e+09
1.699989895000000000e+09
1.699989895019999981e+09
1.699989895039999962e+09
1.699989895059999943e+09
1.699989895079999924e+09
1.699989895099999905e+09
1.699989895119999886e+09
1.699989895140000105e+09
1.699989895160000086e+09
1.699989895180000067e+09
1.699989895200000048e+09
1.699989895220000029e+09
1.699989895240000010e+09
1.699989895259999990e+09
1.699989895279999971e+09
1.699989895299999952e+09
1.699989895319999933e+09
1.699989895339999914e+09
1.699989895359999895e+09
1.699989895380000114e+09
1.699989895400000095e+09
1.699989895420000076e+09
1.699989895440000057e+09
1.699989895460000038e+09
1.699989895480000019e+09
1.699989895500000000e+09
1.699989895519999981e+09
1.699989895539999962e+09
1.699989895559999943e+09
1.699989895579999924e+09
1.699989895599999905e+09
1.699989895619999886e+09
1.699989895640000105e+09
1.699989895660000086e+09
1.699989895680000067e+09
1.699989895700000048e+09
1.699989895720000029e+09
1.699989895740000010e+09
1.699989895759999990e+09
1.699989895779999971e+09
1.699989895799999952e+09
1.699989895819999933e+09
1.699989895839999914e+09
1.699989895859999895e+09
1.699989895880000114e+09
1.699989895900000095e+09
1.699989895920000076e+09
1.699989895940000057e+09
1.699989895960000038e+09
1.699989895980000019e+09
1.699989896000000000e+09
1.699989896019999981e+09
1.699989896039999962e+09
1.699989896059999943e+09
1.699989896079999924e+09
1.699989896099999905e+09
1.699989896119999886e+09
1.699989896140000105e+09
1.699989896160000086e+09
1.699989896180000067e+09
1.699989896200000048e+09
1.699989896220000029e+09
1.699989896240000010e+09
1.699989896259999990e+09
1.699989896279999971e+09
1.699989896299999952e+09
1.699989896319999933e+09
1.699989896339999914e+09
1.699989896359999895e+09
1.699989896380000114e+09
1.699989896400000095e+09
1.699989896420000076e+09
1.699989896440000057e+09
1.699989896460000038e+09
1.699989896480000019e+09
1.699989896500000000e+09
1.699989896519999981e+09
1.699989896539999962e+09
1.699989896559999943e+09
1.699989896579999924e+09
1.699989896599999905e+09
1.699989896619999886e+09
1.699989896640000105e+09
1.699989896660000086e+09
1.699989896680000067e+09
1.699989896700000048e+09
1.699989896720000029e+09
1.699989896740000010e+09
1.699989896759999990e+09
1.699989896779999971e+09
1.699989896799999952e+09
1.699989896819999933e+09
1.699989896839999914e+09
1.699989896859999895e+09
1.699989896880000114e+09
1.699989896900000095e+09
1.699989896920000076e+09
1.699989896940000057e+09
1.699989896960000038e+09
1.699989896980000019e+09
1.699989897000000000e+09
1.699989897019999981e+09
1.699989897039999962e+09
1.699989897059999943e+09
1.699989897079999924e+09
1.699989897099999905e+09
1.699989897119999886e+09
1.699989897140000105e+09
1.699989897160000086e+09
1.699989897180000067e+09
1.699989897200000048e+09
1.699989897220000029e+09
1.699989897240000010e+09
1.699989897259999990e+09
1.699989897279999971e+09
1.699989897299999952e+09
1.699989897319999933e+09
1.699989897339999914e+09
1.699989897359999895e+09
1.699989897380000114e+09
1.699989897400000095e+09
1.699989897420000076e+09
1.699989897440000057e+09
1.699989897460000038e+09
1.699989897480000019e+09
1.699989897500000000e+09
1.699989897519999981e+09
1.699989897539999962e+09
1.699989897559999943e+09
1.699989897579999924e+09
1.699989897599999905e+09
1.699989897619999886e+09
1.699989897640000105e+09
1.699989897660000086e+09
1.699989897680000067e+09
1.699989897700000048e+09
1.699989897720000029e+09
1.699989897740000010e+09
1.699989897759999990e+09
1.699989897779999971e+09
1.699989897799999952e+09
1.699989897819999933e+09
1.699989897839999914e+09
1.699989897859999895e+09
1.699989897880000114e+09
1.699989897900000095e+09
1.699989897920000076e+09
1.699989897940000057e+09
1.699989897960000038e+09
1.699989897980000019e+09
1.699989898000000000e+09
1.699989898019999981e+09
1.699989898039999962e+09
1.699989898059999943e+09
1.699989898079999924e+09
1.699989898099999905e+09
1.699989898119999886e+09
1.699989898140000105e+09
1.699989898160000086e+09
1.699989898180000067e+09
1.699989898200000048e+09
1.699989898220000029e+09
1.699989898240000010e+09
1.699989898259999990e+09
1.699989898279999971e+09
1.699989898299999952e+09
1.699989898319999933e+09
1.699989898339999914e+09
1.699989898359999895e+09
1.699989898380000114e+09
1.699989898400000095e+09
1.699989898420000076e+09
1.699989898440000057e+09
1.699989898460000038e+09
1.699989898480000019e+09
1.699989898500000000e+09
1.699989898519999981e+09
1.699989898539999962e+09
1.699989898559999943e+09
1.699989898579999924e+09
1.699989898599999905e+09
1.699989898619999886e+09
1.699989898640000105e+09
1.699989898660000086e+09
1.699989898680000067e+09
1.699989898700000048e+09
1.699989898720000029e+09
1.699989898740000010e+09
1.699989898759999990e+09
1.699989898779999971e+09
1.699989898799999952e+09
1.699989898819999933e+09
1.699989898839999914e+09
1.699989898859999895e+09
1.699989898880000114e+09
1.699989898900000095e+09
1.699989898920000076e+09
1.699989898940000057e+09
1.699989898960000038e+09
1.699989898980000019e+09
1.699989899000000000e+09
1.699989899019999981e+09
1.699989899039999962e+09
1.699989899059999943e+09
1.699989899079999924e+09
1.699989899099999905e+09
1.699989899119999886e+09
1.699989899140000105e+09
1.699989899160000086e+09
1.699989899180000067e+09
1.699989899200000048e+09
1.699989899220000029e+09
1.699989899240000010e+09
1.699989899259999990e+09
1.699989899279999971e+09
1.699989899299999952e+09
1.699989899319999933e+09
1.699989899339999914e+09
1.699989899359999895e+09
1.699989899380000114e+09
1.699989899400000095e+09
1.699989899420000076e+09
1.699989899440000057e+09
1.699989899460000038e+09
1.699989899480000019e+09
1.699989899500000000e+09
1.699989899519999981e+09
1.699989899539999962e+09
1.699989899559999943e+09
1.699989899579999924e+09
1.699989899599999905e+09
1.699989899619999886e+09
1.699989899640000105e+09
1.699989899660000086e+09
1.699989899680000067e+09
1.699989899700000048e+09
1.699989899720000029e+09
1.699989899740000010e+09
1.699989899759999990e+09
1.699989899779999971e+09
1.699989899799999952e+09
1.699989899819999933e+09
1.699989899839999914e+09
1.699989899859999895e+09
1.699989899880000114e+09
1.699989899900000095e+09
1.699989899920000076e+09
1.699989899940000057e+09
1.699989899960000038e+09
1.699989899980000019e+09
1.699989900000000000e+09
1.699989900019999981e+09
1.699989900039999962e+09
1.699989900059999943e+09
1.699989900079999924e+09
1.699989900099999905e+09
1.699989900119999886e+09
1.699989900140000105e+09
1.699989900160000086e+09
1.699989900180000067e+09
1.699989900200000048e+09
1.699989900220000029e+09
1.699989900240000010e+09
1.699989900259999990e+09
1.699989900279999971e+09
1.699989900299999952e+09
1.699989900319999933e+09
1.699989900339999914e+09
1.699989900359999895e+09
1.699989900380000114e+09
1.699989900400000095e+09
1.699989900420000076e+09
1.699989900440000057e+09
1.699989900460000038e+09
1.699989900480000019e+09
1.699989900500000000e+09
1.699989900519999981e+09
1.699989900539999962e+09
1.699989900559999943e+09
1.699989900579999924e+09
1.699989900599999905e+09
1.699989900619999886e+09
1.699989900640000105e+09
1.699989900660000086e+09
1.699989900680000067e+09
1.699989900700000048e+09
1.699989900720000029e+09
1.699989900740000010e+09
1.699989900759999990e+09
1.699989900779999971e+09
1.699989900799999952e+09
1.699989900819999933e+09
1.699989900839999914e+09
1.699989900859999895e+09
1.699989900880000114e+09
1.699989900900000095e+09
1.699989900920000076e+09
1.699989900940000057e+09
1.699989900960000038e+09
1.699989900980000019e+09
1.699989901000000000e+09
1.699989901019999981e+09
1.699989901039999962e+09
1.699989901059999943e+09
1.699989901079999924e+09
1.699989901099999905e+09
1.699989901119999886e+09
1.699989901140000105e+09
1.699989901160000086e+09
1.699989901180000067e+09
1.699989901200000048e+09
1.699989901220000029e+09
1.699989901240000010e+09
1.699989901259999990e+09
1.699989901279999971e+09
1.699989901299999952e+09
1.699989901319999933e+09
1.699989901339999914e+09
1.699989901359999895e+09
1.699989901380000114e+09
1.699989901400000095e+09
1.699989901420000076e+09
1.699989901440000057e+09
1.699989901460000038e+09
1.699989901480000019e+09
1.699989901500000000e+09
1.699989901519999981e+09
1.699989901539999962e+09
1.699989901559999943e+09
1.699989901579999924e+09
1.699989901599999905e+09
1.699989901619999886e+09
1.699989901640000105e+09
1.699989901660000086e+09
1.699989901680000067e+09
1.699989901700000048e+09
1.699989901720000029e+09
1.699989901740000010e+09
1.699989901759999990e+09
1.699989901779999971e+09
1.699989901799999952e+09
1.699989901819999933e+09
1.699989901839999914e+09
1.699989901859999895e+09
1.699989901880000114e+09
1.699989901900000095e+09
1.699989901920000076e+09
1.699989901940000057e+09
1.699989901960000038e+09
1.699989901980000019e+09
1.699989902000000000e+09
1.699989902019999981e+09
1.699989902039999962e+09
1.699989902059999943e+09
1.699989902079999924e+09
1.699989902099999905e+09
1.699989902119999886e+09
1.699989902140000105e+09
1.699989902160000086e+09
1.699989902180000067e+09
1.699989902200000048e+09
1.699989902220000029e+09
1.699989902240000010e+09
1.699989902259999990e+09
1.699989902279999971e+09
1.699989902299999952e+09
1.699989902319999933e+09
1.699989902339999914e+09
1.699989902359999895e+09
1.699989902380000114e+09
1.699989902400000095e+09
1.699989902420000076e+09
1.699989902440000057e+09
1.699989902460000038e+09
1.699989902480000019e+09
1.699989902500000000e+09
1.699989902519999981e+09
1.699989902539999962e+09
1.699989902559999943e+09
1.699989902579999924e+09
1.699989902599999905e+09
1.699989902619999886e+09
1.699989902640000105e+09
1.699989902660000086e+09
1.699989902680000067e+09
1.699989902700000048e+09
1.699989902720000029e+09
1.699989902740000010e+09
1.699989902759999990e+09
1.699989902779999971e+09
1.699989902799999952e+09
1.699989902819999933e+09
1.699989902839999914e+09
1.699989902859999895e+09
1.699989902880000114e+09
1.699989902900000095e+09
1.699989902920000076e+09
1.699989902940000057e+09
1.699989902960000038e+09
1.699989902980000019e+09
1.699989903000000000e+09
1.699989903019999981e+09
1.699989903039999962e+09
1.699989903059999943e+09
1.699989903079999924e+09
1.699989903099999905e+09
1.699989903119999886e+09
1.699989903140000105e+09
1.699989903160000086e+09
1.699989903180000067e+09
1.699989903200000048e+09
1.699989903220000029e+09
1.699989903240000010e+09
1.699989903259999990e+09
1.699989903279999971e+09
1.699989903299999952e+09
1.699989903319999933e+09
1.699989903339999914e+09
1.699989903359999895e+09
1.699989903380000114e+09
1.699989903400000095e+09
1.699989903420000076e+09
1.699989903440000057e+09
1.699989903460000038e+09
1.699989903480000019e+09
1.699989903500000000e+09
1.699989903519999981e+09
1.699989903539999962e+09
1.699989903559999943e+09
1.699989903579999924e+09
1.699989903599999905e+09
1.699989903619999886e+09
1.699989903640000105e+09
1.699989903660000086e+09
1.699989903680000067e+09
1.699989903700000048e+09
1.699989903720000029e+09
1.699989903740000010e+09
1.699989903759999990e+09
1.699989903779999971e+09
1.699989903799999952e+09
1.699989903819999933e+09
1.699989903839999914e+09
1.699989903859999895e+09
1.699989903880000114e+09
1.699989903900000095e+09
1.699989903920000076e+09
1.699989903940000057e+09
1.699989903960000038e+09
1.699989903980000019e+09
1.699989904000000000e+09
1.699989904019999981e+09
1.699989904039999962e+09
1.699989904059999943e+09
1.699989904079999924e+09
1.699989904099999905e+09
1.699989904119999886e+09
1.699989904140000105e+09
1.699989904160000086e+09
1.699989904180000067e+09
1.699989904200000048e+09
1.699989904220000029e+09
1.699989904240000010e+09
1.699989904259999990e+09
1.699989904279999971e+09
1.699989904299999952e+09
1.699989904319999933e+09
1.699989904339999914e+09
1.699989904359999895e+09
1.699989904380000114e+09
1.699989904400000095e+09
1.699989904420000076e+09
1.699989904440000057e+09
1.699989904460000038e+09
1.699989904480000019e+09
1.699989904500000000e+09
1.699989904519999981e+09
1.699989904539999962e+09
1.699989904559999943e+09
1.699989904579999924e+09
1.699989904599999905e+09
1.699989904619999886e+09
1.699989904640000105e+09
1.699989904660000086e+09
1.699989904680000067e+09
1.699989904700000048e+09
1.699989904720000029e+09
1.699989904740000010e+09
1.699989904759999990e+09
1.699989904779999971e+09
1.699989904799999952e+09
1.699989904819999933e+09
1.699989904839999914e+09
1.699989904859999895e+09
1.699989904880000114e+09
1.699989904900000095e+09
1.699989904920000076e+09
1.699989904940000057e+09
1.699989904960000038e+09
1.699989904980000019e+09
1.699989905000000000e+09
1.699989905019999981e+09
1.699989905039999962e+09
1.699989905059999943e+09
1.699989905079999924e+09
1.699989905099999905e+09
1.699989905119999886e+09
1.699989905140000105e+09
1.699989905160000086e+09
1.699989905180000067e+09
1.699989905200000048e+09
1.699989905220000029e+09
1.699989905240000010e+09
1.699989905259999990e+09
1.699989905279999971e+09
1.699989905299999952e+09
1.699989905319999933e+09
1.699989905339999914e+09
1.699989905359999895e+09
1.699989905380000114e+09
1.699989905400000095e+09
1.699989905420000076e+09
1.699989905440000057e+09
1.699989905460000038e+09
1.699989905480000019e+09
1.699989905500000000e+09
1.699989905519999981e+09
1.699989905539999962e+09
1.699989905559999943e+09
1.699989905579999924e+09
1.699989905599999905e+09
1.699989905619999886e+09
1.699989905640000105e+09
1.699989905660000086e+09
1.699989905680000067e+09
1.699989905700000048e+09
1.699989905720000029e+09
1.699989905740000010e+09
1.699989905759999990e+09
1.699989905779999971e+09
1.699989905799999952e+09
1.699989905819999933e+09
1.699989905839999914e+09
1.699989905859999895e+09
1.699989905880000114e+09
1.699989905900000095e+09
1.699989905920000076e+09
1.699989905940000057e+09
1.699989905960000038e+09
1.699989905980000019e+09
1.699989906000000000e+09
1.699989906019999981e+09
1.699989906039999962e+09
1.699989906059999943e+09
1.699989906079999924e+09
1.699989906099999905e+09
1.699989906119999886e+09
1.699989906140000105e+09
1.699989906160000086e+09
1.699989906180000067e+09
1.699989906200000048e+09
1.699989906220000029e+09
1.699989906240000010e+09
1.699989906259999990e+09
1.699989906279999971e+09
1.699989906299999952e+09
1.699989906319999933e+09
1.699989906339999914e+09
1.699989906359999895e+09
1.699989906380000114e+09
1.699989906400000095e+09
1.699989906420000076e+09
1.699989906440000057e+09
1.699989906460000038e+09
1.699989906480000019e+09
1.699989906500000000e+09
1.699989906519999981e+09
1.699989906539999962e+09
1.699989906559999943e+09
1.699989906579999924e+09
1.699989906599999905e+09
1.699989906619999886e+09
1.699989906640000105e+09
1.699989906660000086e+09
1.699989906680000067e+09
1.699989906700000048e+09
1.699989906720000029e+09
1.699989906740000010e+09
1.699989906759999990e+09
1.699989906779999971e+09
1.699989906799999952e+09
1.699989906819999933e+09
1.699989906839999914e+09
1.699989906859999895e+09
1.699989906880000114e+09
1.699989906900000095e+09
1.699989906920000076e+09
1.699989906940000057e+09
1.699989906960000038e+09
1.699989906980000019e+09
1.699989907000000000e+09
1.699989907019999981e+09
1.699989907039999962e+09
1.699989907059999943e+09
1.699989907079999924e+09
1.699989907099999905e+09
1.699989907119999886e+09
1.699989907140000105e+09
1.699989907160000086e+09
1.699989907180000067e+09
1.699989907200000048e+09
1.699989907220000029e+09
1.699989907240000010e+09
1.699989907259999990e+09
1.699989907279999971e+09
1.699989907299999952e+09
1.699989907319999933e+09
1.699989907339999914e+09
1.699989907359999895e+09
1.699989907380000114e+09
1.699989907400000095e+09
1.699989907420000076e+09
1.699989907440000057e+09
1.699989907460000038e+09
1.699989907480000019e+09
1.699989907500000000e+09
1.699989907519999981e+09
1.699989907539999962e+09
1.699989907559999943e+09
1.699989907579999924e+09
1.699989907599999905e+09
1.699989907619999886e+09
1.699989907640000105e+09
1.699989907660000086e+09
1.699989907680000067e+09
1.699989907700000048e+09
1.699989907720000029e+09
1.699989907740000010e+09
1.699989907759999990e+09
1.699989907779999971e+09
1.699989907799999952e+09
1.699989907819999933e+09
1.699989907839999914e+09
1.699989907859999895e+09
1.699989907880000114e+09
1.699989907900000095e+09
1.699989907920000076e+09
1.699989907940000057e+09
1.699989907960000038e+09
1.699989907980000019e+09
1.699989908000000000e+09
1.699989908019999981e+09
1.699989908039999962e+09
1.699989908059999943e+09
1.699989908079999924e+09
1.699989908099999905e+09
1.699989908119999886e+09
1.699989908140000105e+09
1.699989908160000086e+09
1.699989908180000067e+09
1.699989908200000048e+09
1.699989908220000029e+09
1.699989908240000010e+09
1.699989908259999990e+09
1.699989908279999971e+09
1.699989908299999952e+09
1.699989908319999933e+09
1.699989908339999914e+09
1.699989908359999895e+09
1.699989908380000114e+09
1.699989908400000095e+09
1.699989908420000076e+09
1.699989908440000057e+09
1.699989908460000038e+09
1.699989908480000019e+09
1.699989908500000000e+09
1.699989908519999981e+09
1.699989908539999962e+09
1.699989908559999943e+09
1.699989908579999924e+09
1.699989908599999905e+09
1.699989908619999886e+09
1.699989908640000105e+09
1.699989908660000086e+09
1.699989908680000067e+09
1.699989908700000048e+09
1.699989908720000029e+09
1.699989908740000010e+09
1.699989908759999990e+09
1.699989908779999971e+09
1.699989908799999952e+09
1.699989908819999933e+09
1.699989908839999914e+09
1.699989908859999895e+09
1.699989908880000114e+09
1.699989908900000095e+09
1.699989908920000076e+09
1.699989908940000057e+09
1.699989908960000038e+09
1.699989908980000019e+09
1.699989909000000000e+09
1.699989909019999981e+09
1.699989909039999962e+09
1.699989909059999943e+09
1.699989909079999924e+09
1.699989909099999905e+09
1.699989909119999886e+09
1.699989909140000105e+09
1.699989909160000086e+09
1.699989909180000067e+09
1.699989909200000048e+09
1.699989909220000029e+09
1.699989909240000010e+09
1.699989909259999990e+09
1.699989909279999971e+09
1.699989909299999952e+09
1.699989909319999933e+09
1.699989909339999914e+09
1.699989909359999895e+09
1.699989909380000114e+09
1.699989909400000095e+09
1.699989909420000076e+09
1.699989909440000057e+09
1.699989909460000038e+09
1.699989909480000019e+09
1.699989909500000000e+09
1.699989909519999981e+09
1.699989909539999962e+09
1.699989909559999943e+09
1.699989909579999924e+09
1.699989909599999905e+09
1.699989909619999886e+09
1.699989909640000105e+09
1.699989909660000086e+09
1.699989909680000067e+09
1.699989909700000048e+09
1.699989909720000029e+09
1.699989909740000010e+09
1.699989909759999990e+09
1.699989909779999971e+09
1.699989909799999952e+09
1.699989909819999933e+09
1.699989909839999914e+09
1.699989909859999895e+09
1.699989909880000114e+09
1.699989909900000095e+09
1.699989909920000076e+09
1.699989909940000057e+09
1.699989909960000038e+09
1.699989909980000019e+09
1.699989910000000000e+09
1.699989910019999981e+09
1.699989910039999962e+09
1.699989910059999943e+09
1.699989910079999924e+09
1.699989910099999905e+09
1.699989910119999886e+09
1.699989910140000105e+09
1.699989910160000086e+09
1.699989910180000067e+09
1.699989910200000048e+09
1.699989910220000029e+09
1.699989910240000010e+09
1.699989910259999990e+09
1.699989910279999971e+09
1.699989910299999952e+09
1.699989910319999933e+09
1.699989910339999914e+09
1.699989910359999895e+09
1.699989910380000114e+09
1.699989910400000095e+09
1.699989910420000076e+09
1.699989910440000057e+09
1.699989910460000038e+09
1.699989910480000019e+09
1.699989910500000000e+09
1.699989910519999981e+09
1.699989910539999962e+09
1.699989910559999943e+09
1.699989910579999924e+09
1.699989910599999905e+09
1.699989910619999886e+09
1.699989910640000105e+09
1.699989910660000086e+09
1.699989910680000067e+09
1.699989910700000048e+09
1.699989910720000029e+09
1.699989910740000010e+09
1.699989910759999990e+09
1.699989910779999971e+09
1.699989910799999952e+09
1.699989910819999933e+09
1.699989910839999914e+09
1.699989910859999895e+09
1.699989910880000114e+09
1.699989910900000095e+09
1.699989910920000076e+09
1.699989910940000057e+09
1.699989910960000038e+09
1.699989910980000019e+09
1.699989911000000000e+09
1.699989911019999981e+09
1.699989911039999962e+09
1.699989911059999943e+09
1.699989911079999924e+09
1.699989911099999905e+09
1.699989911119999886e+09
1.699989911140000105e+09
1.699989911160000086e+09
1.699989911180000067e+09
1.699989911200000048e+09
1.699989911220000029e+09
1.699989911240000010e+09
1.699989911259999990e+09
1.699989911279999971e+09
1.699989911299999952e+09
1.699989911319999933e+09
1.699989911339999914e+09
1.699989911359999895e+09
1.699989911380000114e+09
1.699989911400000095e+09
1.699989911420000076e+09
1.699989911440000057e+09
1.699989911460000038e+09
1.699989911480000019e+09
1.699989911500000000e+09
1.699989911519999981e+09
1.699989911539999962e+09
1.699989911559999943e+09
1.699989911579999924e+09
1.699989911599999905e+09
1.699989911619999886e+09
1.699989911640000105e+09
1.699989911660000086e+09
1.699989911680000067e+09
1.699989911700000048e+09
1.699989911720000029e+09
1.699989911740000010e+09
1.699989911759999990e+09
1.699989911779999971e+09
1.699989911799999952e+09
1.699989911819999933e+09
1.699989911839999914e+09
1.699989911859999895e+09
1.699989911880000114e+09
1.699989911900000095e+09
1.699989911920000076e+09
1.699989911940000057e+09
1.699989911960000038e+09
1.699989911980000019e+09
1.699989912000000000e+09
1.699989912019999981e+09
1.699989912039999962e+09
1.699989912059999943e+09
1.699989912079999924e+09
1.699989912099999905e+09
1.699989912119999886e+09
1.699989912140000105e+09
1.699989912160000086e+09
1.699989912180000067e+09
1.699989912200000048e+09
1.699989912220000029e+09
1.699989912240000010e+09
1.699989912259999990e+09
1.699989912279999971e+09
1.699989912299999952e+09
1.699989912319999933e+09
1.699989912339999914e+09
1.699989912359999895e+09
1.699989912380000114e+09
1.699989912400000095e+09
1.699989912420000076e+09
1.699989912440000057e+09
1.699989912460000038e+09
1.699989912480000019e+09
1.699989912500000000e+09
1.699989912519999981e+09
1.699989912539999962e+09
1.699989912559999943e+09
1.699989912579999924e+09
1.699989912599999905e+09
1.699989912619999886e+09
1.699989912640000105e+09
1.699989912660000086e+09
1.699989912680000067e+09
1.699989912700000048e+09
1.699989912720000029e+09
1.699989912740000010e+09
1.699989912759999990e+09
1.699989912779999971e+09
1.699989912799999952e+09
1.699989912819999933e+09
1.699989912839999914e+09
1.699989912859999895e+09
1.699989912880000114e+09
1.699989912900000095e+09
1.699989912920000076e+09
1.699989912940000057e+09
1.699989912960000038e+09
1.699989912980000019e+09
1.699989913000000000e+09
1.699989913019999981e+09
1.699989913039999962e+09
1.699989913059999943e+09
1.699989913079999924e+09
1.699989913099999905e+09
1.699989913119999886e+09
1.699989913140000105e+09
1.699989913160000086e+09
1.699989913180000067e+09
1.699989913200000048e+09
1.699989913220000029e+09
1.699989913240000010e+09
1.699989913259999990e+09
1.699989913279999971e+09
1.699989913299999952e+09
1.699989913319999933e+09
1.699989913339999914e+09
1.699989913359999895e+09
1.699989913380000114e+09
1.699989913400000095e+09
1.699989913420000076e+09
1.699989913440000057e+09
1.699989913460000038e+09
1.699989913480000019e+09
1.699989913500000000e+09
1.699989913519999981e+09
1.699989913539999962e+09
1.699989913559999943e+09
1.699989913579999924e+09
1.699989913599999905e+09
1.699989913619999886e+09
1.699989913640000105e+09
1.699989913660000086e+09
1.699989913680000067e+09
1.699989913700000048e+09
1.699989913720000029e+09
1.699989913740000010e+09
1.699989913759999990e+09
1.699989913779999971e+09
1.699989913799999952e+09
1.699989913819999933e+09
1.699989913839999914e+09
1.699989913859999895e+09
1.699989913880000114e+09
1.699989913900000095e+09
1.699989913920000076e+09
1.699989913940000057e+09
1.699989913960000038e+09
1.699989913980000019e+09
1.699989914000000000e+09
1.699989914019999981e+09
1.699989914039999962e+09
1.699989914059999943e+09
1.699989914079999924e+09
1.699989914099999905e+09
1.699989914119999886e+09
1.699989914140000105e+09
1.699989914160000086e+09
1.699989914180000067e+09
1.699989914200000048e+09
1.699989914220000029e+09
1.699989914240000010e+09
1.699989914259999990e+09
1.699989914279999971e+09
1.699989914299999952e+09
1.699989914319999933e+09
1.699989914339999914e+09
1.699989914359999895e+09
1.699989914380000114e+09
1.699989914400000095e+09
1.699989914420000076e+09
1.699989914440000057e+09
1.699989914460000038e+09
1.699989914480000019e+09
1.699989914500000000e+09
1.699989914519999981e+09
1.699989914539999962e+09
1.699989914559999943e+09
1.699989914579999924e+09
1.699989914599999905e+09
1.699989914619999886e+09
1.699989914640000105e+09
1.699989914660000086e+09
1.699989914680000067e+09
1.699989914700000048e+09
1.699989914720000029e+09
1.699989914740000010e+09
1.699989914759999990e+09
1.699989914779999971e+09
1.699989914799999952e+09
1.699989914819999933e+09
1.699989914839999914e+09
1.699989914859999895e+09
1.699989914880000114e+09
1.699989914900000095e+09
1.699989914920000076e+09
1.699989914940000057e+09
1.699989914960000038e+09
1.699989914980000019e+09
1.699989915000000000e+09
1.699989915019999981e+09
1.699989915039999962e+09
1.699989915059999943e+09
1.699989915079999924e+09
1.699989915099999905e+09
1.699989915119999886e+09
1.699989915140000105e+09
1.699989915160000086e+09
1.699989915180000067e+09
1.699989915200000048e+09
1.699989915220000029e+09
1.699989915240000010e+09
1.699989915259999990e+09
1.699989915279999971e+09
1.699989915299999952e+09
1.699989915319999933e+09
1.699989915339999914e+09
1.699989915359999895e+09
1.699989915380000114e+09
1.699989915400000095e+09
1.699989915420000076e+09
1.699989915440000057e+09
1.699989915460000038e+09
1.699989915480000019e+09
1.699989915500000000e+09
1.699989915519999981e+09
1.699989915539999962e+09
1.699989915559999943e+09
1.699989915579999924e+09
1.699989915599999905e+09
1.699989915619999886e+09
1.699989915640000105e+09
1.699989915660000086e+09
1.699989915680000067e+09
1.699989915700000048e+09
1.699989915720000029e+09
1.699989915740000010e+09
1.699989915759999990e+09
1.699989915779999971e+09
1.699989915799999952e+09
1.699989915819999933e+09
1.699989915839999914e+09
1.699989915859999895e+09
1.699989915880000114e+09
1.699989915900000095e+09
1.699989915920000076e+09
1.699989915940000057e+09
1.699989915960000038e+09
1.699989915980000019e+09
1.699989916000000000e+09
1.699989916019999981e+09
1.699989916039999962e+09
1.699989916059999943e+09
1.699989916079999924e+09
1.699989916099999905e+09
1.699989916119999886e+09
1.699989916140000105e+09
1.699989916160000086e+09
1.699989916180000067e+09
1.699989916200000048e+09
1.699989916220000029e+09
1.699989916240000010e+09
1.699989916259999990e+09
1.699989916279999971e+09
1.699989916299999952e+09
1.699989916319999933e+09
1.699989916339999914e+09
1.699989916359999895e+09
1.699989916380000114e+09
1.699989916400000095e+09
1.699989916420000076e+09
1.699989916440000057e+09
1.699989916460000038e+09
1.699989916480000019e+09
1.699989916500000000e+09
1.699989916519999981e+09
1.699989916539999962e+09
1.699989916559999943e+09
1.699989916579999924e+09
1.699989916599999905e+09
1.699989916619999886e+09
1.699989916640000105e+09
1.699989916660000086e+09
1.699989916680000067e+09
1.699989916700000048e+09
1.699989916720000029e+09
1.699989916740000010e+09
1.699989916759999990e+09
1.699989916779999971e+09
1.699989916799999952e+09
1.699989916819999933e+09
1.699989916839999914e+09
1.699989916859999895e+09
1.699989916880000114e+09
1.699989916900000095e+09
1.699989916920000076e+09
1.699989916940000057e+09
1.699989916960000038e+09
1.699989916980000019e+09
1.699989917000000000e+09
1.699989917019999981e+09
1.699989917039999962e+09
1.699989917059999943e+09
1.699989917079999924e+09
1.699989917099999905e+09
1.699989917119999886e+09
1.699989917140000105e+09
1.699989917160000086e+09
1.699989917180000067e+09
1.699989917200000048e+09
1.699989917220000029e+09
1.699989917240000010e+09
1.699989917259999990e+09
1.699989917279999971e+09
1.699989917299999952e+09
1.699989917319999933e+09
1.699989917339999914e+09
1.699989917359999895e+09
1.699989917380000114e+09
1.699989917400000095e+09
1.699989917420000076e+09
1.699989917440000057e+09
1.699989917460000038e+09
1.699989917480000019e+09
1.699989917500000000e+09
1.699989917519999981e+09
1.699989917539999962e+09
1.699989917559999943e+09
1.699989917579999924e+09
1.699989917599999905e+09
1.699989917619999886e+09
1.699989917640000105e+09
1.699989917660000086e+09
1.699989917680000067e+09
1.699989917700000048e+09
1.699989917720000029e+09
1.699989917740000010e+09
1.699989917759999990e+09
1.699989917779999971e+09
1.699989917799999952e+09
1.699989917819999933e+09
1.699989917839999914e+09
1.699989917859999895e+09
1.699989917880000114e+09
1.699989917900000095e+09
1.699989917920000076e+09
1.699989917940000057e+09
1.699989917960000038e+09
1.699989917980000019e+09
1.699989918000000000e+09
1.699989918019999981e+09
1.699989918039999962e+09
1.699989918059999943e+09
1.699989918079999924e+09
1.699989918099999905e+09
1.699989918119999886e+09
1.699989918140000105e+09
1.699989918160000086e+09
1.699989918180000067e+09
1.699989918200000048e+09
1.699989918220000029e+09
1.699989918240000010e+09
1.699989918259999990e+09
1.699989918279999971e+09
1.699989918299999952e+09
1.699989918319999933e+09
1.699989918339999914e+09
1.699989918359999895e+09
1.699989918380000114e+09
1.699989918400000095e+09
1.699989918420000076e+09
1.699989918440000057e+09
1.699989918460000038e+09
1.699989918480000019e+09
1.699989918500000000e+09
1.699989918519999981e+09
1.699989918539999962e+09
1.699989918559999943e+09
1.699989918579999924e+09
1.699989918599999905e+09
1.699989918619999886e+09
1.699989918640000105e+09
1.699989918660000086e+09
1.699989918680000067e+09
1.699989918700000048e+09
1.699989918720000029e+09
1.699989918740000010e+09
1.699989918759999990e+09
1.699989918779999971e+09
1.699989918799999952e+09
1.699989918819999933e+09
1.699989918839999914e+09
1.699989918859999895e+09
1.699989918880000114e+09
1.699989918900000095e+09
1.699989918920000076e+09
1.699989918940000057e+09
1.699989918960000038e+09
1.699989918980000019e+09
1.699989919000000000e+09
1.699989919019999981e+09
1.699989919039999962e+09
1.699989919059999943e+09
1.699989919079999924e+09
1.699989919099999905e+09
1.699989919119999886e+09
1.699989919140000105e+09
1.699989919160000086e+09
1.699989919180000067e+09
1.699989919200000048e+09
1.699989919220000029e+09
1.699989919240000010e+09
1.699989919259999990e+09
1.699989919279999971e+09
1.699989919299999952e+09
1.699989919319999933e+09
1.699989919339999914e+09
1.699989919359999895e+09
1.699989919380000114e+09
1.699989919400000095e+09
1.699989919420000076e+09
1.699989919440000057e+09
1.699989919460000038e+09
1.699989919480000019e+09
1.699989919500000000e+09
1.699989919519999981e+09
1.699989919539999962e+09
1.699989919559999943e+09
1.699989919579999924e+09
1.699989919599999905e+09
1.699989919619999886e+09
1.699989919640000105e+09
1.699989919660000086e+09
1.699989919680000067e+09
1.699989919700000048e+09
1.699989919720000029e+09
1.699989919740000010e+09
1.699989919759999990e+09
1.699989919779999971e+09
1.699989919799999952e+09
1.699989919819999933e+09
1.699989919839999914e+09
1.699989919859999895e+09
1.699989919880000114e+09
1.699989919900000095e+09
1.699989919920000076e+09
1.699989919940000057e+09
1.699989919960000038e+09
1.699989919980000019e+09
1.699989920000000000e+09
1.699989920019999981e+09
1.699989920039999962e+09
1.699989920059999943e+09
1.699989920079999924e+09
1.699989920099999905e+09
1.699989920119999886e+09
1.699989920140000105e+09
1.699989920160000086e+09
1.699989920180000067e+09
1.699989920200000048e+09
1.699989920220000029e+09
1.699989920240000010e+09
1.699989920259999990e+09
1.699989920279999971e+09
1.699989920299999952e+09
1.699989920319999933e+09
1.699989920339999914e+09
1.699989920359999895e+09
1.699989920380000114e+09
1.699989920400000095e+09
1.699989920420000076e+09
1.699989920440000057e+09
1.699989920460000038e+09
1.699989920480000019e+09
1.699989920500000000e+09
1.699989920519999981e+09
1.699989920539999962e+09
1.699989920559999943e+09
1.699989920579999924e+09
1.699989920599999905e+09
1.699989920619999886e+09
1.699989920640000105e+09
1.699989920660000086e+09
1.699989920680000067e+09
1.699989920700000048e+09
1.699989920720000029e+09
1.699989920740000010e+09
1.699989920759999990e+09
1.699989920779999971e+09
1.699989920799999952e+09
1.699989920819999933e+09
1.699989920839999914e+09
1.699989920859999895e+09
1.699989920880000114e+09
1.699989920900000095e+09
1.699989920920000076e+09
1.699989920940000057e+09
1.699989920960000038e+09
1.699989920980000019e+09
1.699989921000000000e+09
1.699989921019999981e+09
1.699989921039999962e+09
1.699989921059999943e+09
1.699989921079999924e+09
1.699989921099999905e+09
1.699989921119999886e+09
1.699989921140000105e+09
1.699989921160000086e+09
1.699989921180000067e+09
1.699989921200000048e+09
1.699989921220000029e+09
1.699989921240000010e+09
1.699989921259999990e+09
1.699989921279999971e+09
1.699989921299999952e+09
1.699989921319999933e+09
1.699989921339999914e+09
1.699989921359999895e+09
1.699989921380000114e+09
1.699989921400000095e+09
1.699989921420000076e+09
1.699989921440000057e+09
1.699989921460000038e+09
1.699989921480000019e+09
1.699989921500000000e+09
1.699989921519999981e+09
1.699989921539999962e+09
1.699989921559999943e+09
1.699989921579999924e+09
1.699989921599999905e+09
1.699989921619999886e+09
1.699989921640000105e+09
1.699989921660000086e+09
1.699989921680000067e+09
1.699989921700000048e+09
1.699989921720000029e+09
1.699989921740000010e+09
1.699989921759999990e+09
1.699989921779999971e+09
1.699989921799999952e+09
1.699989921819999933e+09
1.699989921839999914e+09
1.699989921859999895e+09
1.699989921880000114e+09
1.699989921900000095e+09
1.699989921920000076e+09
1.699989921940000057e+09
1.699989921960000038e+09
1.699989921980000019e+09
1.699989922000000000e+09
1.699989922019999981e+09
1.699989922039999962e+09
1.699989922059999943e+09
1.699989922079999924e+09
1.699989922099999905e+09
1.699989922119999886e+09
1.699989922140000105e+09
1.699989922160000086e+09
1.699989922180000067e+09
1.699989922200000048e+09
1.699989922220000029e+09
1.699989922240000010e+09
1.699989922259999990e+09
1.699989922279999971e+09
1.699989922299999952e+09
1.699989922319999933e+09
1.699989922339999914e+09
1.699989922359999895e+09
1.699989922380000114e+09
1.699989922400000095e+09
1.699989922420000076e+09
1.699989922440000057e+09
1.699989922460000038e+09
1.699989922480000019e+09
1.699989922500000000e+09
1.699989922519999981e+09
1.699989922539999962e+09
1.699989922559999943e+09
1.699989922579999924e+09
1.699989922599999905e+09
1.699989922619999886e+09
1.699989922640000105e+09
1.699989922660000086e+09
1.699989922680000067e+09
1.699989922700000048e+09
1.699989922720000029e+09
1.699989922740000010e+09
1.699989922759999990e+09
1.699989922779999971e+09
1.699989922799999952e+09
1.699989922819999933e+09
1.699989922839999914e+09
1.699989922859999895e+09
1.699989922880000114e+09
1.699989922900000095e+09
1.699989922920000076e+09
1.699989922940000057e+09
1.699989922960000038e+09
1.699989922980000019e+09
1.699989923000000000e+09
1.699989923019999981e+09
1.699989923039999962e+09
1.699989923059999943e+09
1.699989923079999924e+09
1.699989923099999905e+09
1.699989923119999886e+09
1.699989923140000105e+09
1.699989923160000086e+09
1.699989923180000067e+09
1.699989923200000048e+09
1.699989923220000029e+09
1.699989923240000010e+09
1.699989923259999990e+09
1.699989923279999971e+09
1.699989923299999952e+09
1.699989923319999933e+09
1.699989923339999914e+09
1.699989923359999895e+09
1.699989923380000114e+09
1.699989923400000095e+09
1.699989923420000076e+09
1.699989923440000057e+09
1.699989923460000038e+09
1.699989923480000019e+09
1.699989923500000000e+09
1.699989923519999981e+09
1.699989923539999962e+09
1.699989923559999943e+09
1.699989923579999924e+09
1.699989923599999905e+09
1.699989923619999886e+09
1.699989923640000105e+09
1.699989923660000086e+09
1.699989923680000067e+09
1.699989923700000048e+09
1.699989923720000029e+09
1.699989923740000010e+09
1.699989923759999990e+09
1.699989923779999971e+09
1.699989923799999952e+09
1.699989923819999933e+09
1.699989923839999914e+09
1.699989923859999895e+09
1.699989923880000114e+09
1.699989923900000095e+09
1.699989923920000076e+09
1.699989923940000057e+09
1.699989923960000038e+09
1.699989923980000019e+09
1.699989924000000000e+09
1.699989924019999981e+09
1.699989924039999962e+09
1.699989924059999943e+09
1.699989924079999924e+09
1.699989924099999905e+09
1.699989924119999886e+09
1.699989924140000105e+09
1.699989924160000086e+09
1.699989924180000067e+09
1.699989924200000048e+09
1.699989924220000029e+09
1.699989924240000010e+09
1.699989924259999990e+09
1.699989924279999971e+09
1.699989924299999952e+09
1.699989924319999933e+09
1.699989924339999914e+09
1.699989924359999895e+09
1.699989924380000114e+09
1.699989924400000095e+09
1.699989924420000076e+09
1.699989924440000057e+09
1.699989924460000038e+09
1.699989924480000019e+09
1.699989924500000000e+09
1.699989924519999981e+09
1.699989924539999962e+09
1.699989924559999943e+09
1.699989924579999924e+09
1.699989924599999905e+09
1.699989924619999886e+09
1.699989924640000105e+09
1.699989924660000086e+09
1.699989924680000067e+09
1.699989924700000048e+09
1.699989924720000029e+09
1.699989924740000010e+09
1.699989924759999990e+09
1.699989924779999971e+09
1.699989924799999952e+09
1.699989924819999933e+09
1.699989924839999914e+09
1.699989924859999895e+09
1.699989924880000114e+09
1.699989924900000095e+09
1.699989924920000076e+09
1.699989924940000057e+09
1.699989924960000038e+09
1.699989924980000019e+09
1.699989925000000000e+09
1.699989925019999981e+09
1.699989925039999962e+09
1.699989925059999943e+09
1.699989925079999924e+09
1.699989925099999905e+09
1.699989925119999886e+09
1.699989925140000105e+09
1.699989925160000086e+09
1.699989925180000067e+09
1.699989925200000048e+09
1.699989925220000029e+09
1.699989925240000010e+09
1.699989925259999990e+09
1.699989925279999971e+09
1.699989925299999952e+09
1.699989925319999933e+09
1.699989925339999914e+09
1.699989925359999895e+09
1.699989925380000114e+09
1.699989925400000095e+09
1.699989925420000076e+09
1.699989925440000057e+09
1.699989925460000038e+09
1.699989925480000019e+09
1.699989925500000000e+09
1.699989925519999981e+09
1.699989925539999962e+09
1.699989925559999943e+09
1.699989925579999924e+09
1.699989925599999905e+09
1.699989925619999886e+09
1.699989925640000105e+09
1.699989925660000086e+09
1.699989925680000067e+09
1.699989925700000048e+09
1.699989925720000029e+09
1.699989925740000010e+09
1.699989925759999990e+09
1.699989925779999971e+09
1.699989925799999952e+09
1.699989925819999933e+09
1.699989925839999914e+09
1.699989925859999895e+09
1.699989925880000114e+09
1.699989925900000095e+09
1.699989925920000076e+09
1.699989925940000057e+09
1.699989925960000038e+09
1.699989925980000019e+09
1.699989926000000000e+09
1.699989926019999981e+09
1.699989926039999962e+09
1.699989926059999943e+09
1.699989926079999924e+09
1.699989926099999905e+09
1.699989926119999886e+09
1.699989926140000105e+09
1.699989926160000086e+09
1.699989926180000067e+09
1.699989926200000048e+09
1.699989926220000029e+09
1.699989926240000010e+09
1.699989926259999990e+09
1.699989926279999971e+09
1.699989926299999952e+09
1.699989926319999933e+09
1.699989926339999914e+09
1.699989926359999895e+09
1.699989926380000114e+09
1.699989926400000095e+09
1.699989926420000076e+09
1.699989926440000057e+09
1.699989926460000038e+09
1.699989926480000019e+09
1.699989926500000000e+09
1.699989926519999981e+09
1.699989926539999962e+09
1.699989926559999943e+09
1.699989926579999924e+09
1.699989926599999905e+09
1.699989926619999886e+09
1.699989926640000105e+09
1.699989926660000086e+09
1.699989926680000067e+09
1.699989926700000048e+09
1.699989926720000029e+09
1.699989926740000010e+09
1.699989926759999990e+09
1.699989926779999971e+09
1.699989926799999952e+09
1.699989926819999933e+09
1.699989926839999914e+09
1.699989926859999895e+09
1.699989926880000114e+09
1.699989926900000095e+09
1.699989926920000076e+09
1.699989926940000057e+09
1.699989926960000038e+09
1.699989926980000019e+09
1.699989927000000000e+09
1.699989927019999981e+09
1.699989927039999962e+09
1.699989927059999943e+09
1.699989927079999924e+09
1.699989927099999905e+09
1.699989927119999886e+09
1.699989927140000105e+09
1.699989927160000086e+09
1.699989927180000067e+09
1.699989927200000048e+09
1.699989927220000029e+09
1.699989927240000010e+09
1.699989927259999990e+09
1.699989927279999971e+09
1.699989927299999952e+09
1.699989927319999933e+09
1.699989927339999914e+09
1.699989927359999895e+09
1.699989927380000114e+09
1.699989927400000095e+09
1.699989927420000076e+09
1.699989927440000057e+09
1.699989927460000038e+09
1.699989927480000019e+09
1.699989927500000000e+09
1.699989927519999981e+09
1.699989927539999962e+09
1.699989927559999943e+09
1.699989927579999924e+09
1.699989927599999905e+09
1.699989927619999886e+09
1.699989927640000105e+09
1.699989927660000086e+09
1.699989927680000067e+09
1.699989927700000048e+09
1.699989927720000029e+09
1.699989927740000010e+09
1.699989927759999990e+09
1.699989927779999971e+09
1.699989927799999952e+09
1.699989927819999933e+09
1.699989927839999914e+09
1.699989927859999895e+09
1.699989927880000114e+09
1.699989927900000095e+09
1.699989927920000076e+09
1.699989927940000057e+09
1.699989927960000038e+09
1.699989927980000019e+09
1.699989928000000000e+09
1.699989928019999981e+09
1.699989928039999962e+09
1.699989928059999943e+09
1.699989928079999924e+09
1.699989928099999905e+09
1.699989928119999886e+09
1.699989928140000105e+09
1.699989928160000086e+09
1.699989928180000067e+09
1.699989928200000048e+09
1.699989928220000029e+09
1.699989928240000010e+09
1.699989928259999990e+09
1.699989928279999971e+09
1.699989928299999952e+09
1.699989928319999933e+09
1.699989928339999914e+09
1.699989928359999895e+09
1.699989928380000114e+09
1.699989928400000095e+09
1.699989928420000076e+09
1.699989928440000057e+09
1.699989928460000038e+09
1.699989928480000019e+09
1.699989928500000000e+09
1.699989928519999981e+09
1.699989928539999962e+09
1.699989928559999943e+09
1.699989928579999924e+09
1.699989928599999905e+09
1.699989928619999886e+09
1.699989928640000105e+09
1.699989928660000086e+09
1.699989928680000067e+09
1.699989928700000048e+09
1.699989928720000029e+09
1.699989928740000010e+09
1.699989928759999990e+09
1.699989928779999971e+09
1.699989928799999952e+09
1.699989928819999933e+09
1.699989928839999914e+09
1.699989928859999895e+09
1.699989928880000114e+09
1.699989928900000095e+09
1.699989928920000076e+09
1.699989928940000057e+09
1.699989928960000038e+09
1.699989928980000019e+09
1.699989929000000000e+09
1.699989929019999981e+09
1.699989929039999962e+09
1.699989929059999943e+09
1.699989929079999924e+09
1.699989929099999905e+09
1.699989929119999886e+09
1.699989929140000105e+09
1.699989929160000086e+09
1.699989929180000067e+09
1.699989929200000048e+09
1.699989929220000029e+09
1.699989929240000010e+09
1.699989929259999990e+09
1.699989929279999971e+09
1.699989929299999952e+09
1.699989929319999933e+09
1.699989929339999914e+09
1.699989929359999895e+09
1.699989929380000114e+09
1.699989929400000095e+09
1.699989929420000076e+09
1.699989929440000057e+09
1.699989929460000038e+09
1.699989929480000019e+09
1.699989929500000000e+09
1.699989929519999981e+09
1.699989929539999962e+09
1.699989929559999943e+09
1.699989929579999924e+09
1.699989929599999905e+09
1.699989929619999886e+09
1.699989929640000105e+09
1.699989929660000086e+09
1.699989929680000067e+09
1.699989929700000048e+09
1.699989929720000029e+09
1.699989929740000010e+09
1.699989929759999990e+09
1.699989929779999971e+09
1.699989929799999952e+09
1.699989929819999933e+09
1.699989929839999914e+09
1.699989929859999895e+09
1.699989929880000114e+09
1.699989929900000095e+09
1.699989929920000076e+09
1.699989929940000057e+09
1.699989929960000038e+09
1.699989929980000019e+09
1.699989930000000000e+09
1.699989930019999981e+09
1.699989930039999962e+09
1.699989930059999943e+09
1.699989930079999924e+09
1.699989930099999905e+09
1.699989930119999886e+09
1.699989930140000105e+09
1.699989930160000086e+09
1.699989930180000067e+09
1.699989930200000048e+09
1.699989930220000029e+09
1.699989930240000010e+09
1.699989930259999990e+09
1.699989930279999971e+09
1.699989930299999952e+09
1.699989930319999933e+09
1.699989930339999914e+09
1.699989930359999895e+09
1.699989930380000114e+09
1.699989930400000095e+09
1.699989930420000076e+09
1.699989930440000057e+09
1.699989930460000038e+09
1.699989930480000019e+09
1.699989930500000000e+09
1.699989930519999981e+09
1.699989930539999962e+09
1.699989930559999943e+09
1.699989930579999924e+09
1.699989930599999905e+09
1.699989930619999886e+09
1.699989930640000105e+09
1.699989930660000086e+09
1.699989930680000067e+09
1.699989930700000048e+09
1.699989930720000029e+09
1.699989930740000010e+09
1.699989930759999990e+09
1.699989930779999971e+09
1.699989930799999952e+09
1.699989930819999933e+09
1.699989930839999914e+09
1.699989930859999895e+09
1.699989930880000114e+09
1.699989930900000095e+09
1.699989930920000076e+09
1.699989930940000057e+09
1.699989930960000038e+09
1.699989930980000019e+09
1.699989931000000000e+09
1.699989931019999981e+09
1.699989931039999962e+09
1.699989931059999943e+09
1.699989931079999924e+09
1.699989931099999905e+09
1.699989931119999886e+09
1.699989931140000105e+09
1.699989931160000086e+09
1.699989931180000067e+09
1.699989931200000048e+09
1.699989931220000029e+09
1.699989931240000010e+09
1.699989931259999990e+09
1.699989931279999971e+09
1.699989931299999952e+09
1.699989931319999933e+09
1.699989931339999914e+09
1.699989931359999895e+09
1.699989931380000114e+09
1.699989931400000095e+09
1.699989931420000076e+09
1.699989931440000057e+09
1.699989931460000038e+09
1.699989931480000019e+09
1.699989931500000000e+09
1.699989931519999981e+09
1.699989931539999962e+09
1.699989931559999943e+09
1.699989931579999924e+09
1.699989931599999905e+09
1.699989931619999886e+09
1.699989931640000105e+09
1.699989931660000086e+09
1.699989931680000067e+09
1.699989931700000048e+09
1.699989931720000029e+09
1.699989931740000010e+09
1.699989931759999990e+09
1.699989931779999971e+09
1.699989931799999952e+09
1.699989931819999933e+09
1.699989931839999914e+09
1.699989931859999895e+09
1.699989931880000114e+09
1.699989931900000095e+09
1.699989931920000076e+09
1.699989931940000057e+09
1.699989931960000038e+09
1.699989931980000019e+09
1.699989932000000000e+09
1.699989932019999981e+09
1.699989932039999962e+09
1.699989932059999943e+09
1.699989932079999924e+09
1.699989932099999905e+09
1.699989932119999886e+09
1.699989932140000105e+09
1.699989932160000086e+09
1.699989932180000067e+09
1.699989932200000048e+09
1.699989932220000029e+09
1.699989932240000010e+09
1.699989932259999990e+09
1.699989932279999971e+09
1.699989932299999952e+09
1.699989932319999933e+09
1.699989932339999914e+09
1.699989932359999895e+09
1.699989932380000114e+09
1.699989932400000095e+09
1.699989932420000076e+09
1.699989932440000057e+09
1.699989932460000038e+09
1.699989932480000019e+09
1.699989932500000000e+09
1.699989932519999981e+09
1.699989932539999962e+09
1.699989932559999943e+09
1.699989932579999924e+09
1.699989932599999905e+09
1.699989932619999886e+09
1.699989932640000105e+09
1.699989932660000086e+09
1.699989932680000067e+09
1.699989932700000048e+09
1.699989932720000029e+09
1.699989932740000010e+09
1.699989932759999990e+09
1.699989932779999971e+09
1.699989932799999952e+09
1.699989932819999933e+09
1.699989932839999914e+09
1.699989932859999895e+09
1.699989932880000114e+09
1.699989932900000095e+09
1.699989932920000076e+09
1.699989932940000057e+09
1.699989932960000038e+09
1.699989932980000019e+09
1.699989933000000000e+09
1.699989933019999981e+09
1.699989933039999962e+09
1.699989933059999943e+09
1.699989933079999924e+09
1.699989933099999905e+09
1.699989933119999886e+09
1.699989933140000105e+09
1.699989933160000086e+09
1.699989933180000067e+09
1.699989933200000048e+09
1.699989933220000029e+09
1.699989933240000010e+09
1.699989933259999990e+09
1.699989933279999971e+09
1.699989933299999952e+09
1.699989933319999933e+09
1.699989933339999914e+09
1.699989933359999895e+09
1.699989933380000114e+09
1.699989933400000095e+09
1.699989933420000076e+09
1.699989933440000057e+09
1.699989933460000038e+09
1.699989933480000019e+09
1.699989933500000000e+09
1.699989933519999981e+09
1.699989933539999962e+09
1.699989933559999943e+09
1.699989933579999924e+09
1.699989933599999905e+09
1.699989933619999886e+09
1.699989933640000105e+09
1.699989933660000086e+09
1.699989933680000067e+09
1.699989933700000048e+09
1.699989933720000029e+09
1.699989933740000010e+09
1.699989933759999990e+09
1.699989933779999971e+09
1.699989933799999952e+09
1.699989933819999933e+09
1.699989933839999914e+09
1.699989933859999895e+09
1.699989933880000114e+09
1.699989933900000095e+09
1.699989933920000076e+09
1.699989933940000057e+09
1.699989933960000038e+09
1.699989933980000019e+09
1.699989934000000000e+09
1.699989934019999981e+09
1.699989934039999962e+09
1.699989934059999943e+09
1.699989934079999924e+09
1.699989934099999905e+09
1.699989934119999886e+09
1.699989934140000105e+09
1.699989934160000086e+09
1.699989934180000067e+09
1.699989934200000048e+09
1.699989934220000029e+09
1.699989934240000010e+09
1.699989934259999990e+09
1.699989934279999971e+09
1.699989934299999952e+09
1.699989934319999933e+09
1.699989934339999914e+09
1.699989934359999895e+09
1.699989934380000114e+09
1.699989934400000095e+09
1.699989934420000076e+09
1.699989934440000057e+09
1.699989934460000038e+09
1.699989934480000019e+09
1.699989934500000000e+09
1.699989934519999981e+09
1.699989934539999962e+09
1.699989934559999943e+09
1.699989934579999924e+09
1.699989934599999905e+09
1.699989934619999886e+09
1.699989934640000105e+09
1.699989934660000086e+09
1.699989934680000067e+09
1.699989934700000048e+09
1.699989934720000029e+09
1.699989934740000010e+09
1.699989934759999990e+09
1.699989934779999971e+09
1.699989934799999952e+09
1.699989934819999933e+09
1.699989934839999914e+09
1.699989934859999895e+09
1.699989934880000114e+09
1.699989934900000095e+09
1.699989934920000076e+09
1.699989934940000057e+09
1.699989934960000038e+09
1.699989934980000019e+09
1.699989935000000000e+09
1.699989935019999981e+09
1.699989935039999962e+09
1.699989935059999943e+09
1.699989935079999924e+09
1.699989935099999905e+09
1.699989935119999886e+09
1.699989935140000105e+09
1.699989935160000086e+09
1.699989935180000067e+09
1.699989935200000048e+09
1.699989935220000029e+09
1.699989935240000010e+09
1.699989935259999990e+09
1.699989935279999971e+09
1.699989935299999952e+09
1.699989935319999933e+09
1.699989935339999914e+09
1.699989935359999895e+09
1.699989935380000114e+09
1.699989935400000095e+09
1.699989935420000076e+09
1.699989935440000057e+09
1.699989935460000038e+09
1.699989935480000019e+09
1.699989935500000000e+09
1.699989935519999981e+09
1.699989935539999962e+09
1.699989935559999943e+09
1.699989935579999924e+09
1.699989935599999905e+09
1.699989935619999886e+09
1.699989935640000105e+09
1.699989935660000086e+09
1.699989935680000067e+09
1.699989935700000048e+09
1.699989935720000029e+09
1.699989935740000010e+09
1.699989935759999990e+09
1.699989935779999971e+09
1.699989935799999952e+09
1.699989935819999933e+09
1.699989935839999914e+09
1.699989935859999895e+09
1.699989935880000114e+09
1.699989935900000095e+09
1.699989935920000076e+09
1.699989935940000057e+09
1.699989935960000038e+09
1.699989935980000019e+09
1.699989936000000000e+09
1.699989936019999981e+09
1.699989936039999962e+09
1.699989936059999943e+09
1.699989936079999924e+09
1.699989936099999905e+09
1.699989936119999886e+09
1.699989936140000105e+09
1.699989936160000086e+09
1.699989936180000067e+09
1.699989936200000048e+09
1.699989936220000029e+09
1.699989936240000010e+09
1.699989936259999990e+09
1.699989936279999971e+09
1.699989936299999952e+09
1.699989936319999933e+09
1.699989936339999914e+09
1.699989936359999895e+09
1.699989936380000114e+09
1.699989936400000095e+09
1.699989936420000076e+09
1.699989936440000057e+09
1.699989936460000038e+09
1.699989936480000019e+09
1.699989936500000000e+09
1.699989936519999981e+09
1.699989936539999962e+09
1.699989936559999943e+09
1.699989936579999924e+09
1.699989936599999905e+09
1.699989936619999886e+09
1.699989936640000105e+09
1.699989936660000086e+09
1.699989936680000067e+09
1.699989936700000048e+09
1.699989936720000029e+09
1.699989936740000010e+09
1.699989936759999990e+09
1.699989936779999971e+09
1.699989936799999952e+09
1.699989936819999933e+09
1.699989936839999914e+09
1.699989936859999895e+09
1.699989936880000114e+09
1.699989936900000095e+09
1.699989936920000076e+09
1.699989936940000057e+09
1.699989936960000038e+09
1.699989936980000019e+09
1.699989937000000000e+09
1.699989937019999981e+09
1.699989937039999962e+09
1.699989937059999943e+09
1.699989937079999924e+09
1.699989937099999905e+09
1.699989937119999886e+09
1.699989937140000105e+09
1.699989937160000086e+09
1.699989937180000067e+09
1.699989937200000048e+09
1.699989937220000029e+09
1.699989937240000010e+09
1.699989937259999990e+09
1.699989937279999971e+09
1.699989937299999952e+09
1.699989937319999933e+09
1.699989937339999914e+09
1.699989937359999895e+09
1.699989937380000114e+09
1.699989937400000095e+09
1.699989937420000076e+09
1.699989937440000057e+09
1.699989937460000038e+09
1.699989937480000019e+09
1.699989937500000000e+09
1.699989937519999981e+09
1.699989937539999962e+09
1.699989937559999943e+09
1.699989937579999924e+09
1.699989937599999905e+09
1.699989937619999886e+09
1.699989937640000105e+09
1.699989937660000086e+09
1.699989937680000067e+09
1.699989937700000048e+09
1.699989937720000029e+09
1.699989937740000010e+09
1.699989937759999990e+09
1.699989937779999971e+09
1.699989937799999952e+09
1.699989937819999933e+09
1.699989937839999914e+09
1.699989937859999895e+09
1.699989937880000114e+09
1.699989937900000095e+09
1.699989937920000076e+09
1.699989937940000057e+09
1.699989937960000038e+09
1.699989937980000019e+09
1.699989938000000000e+09
1.699989938019999981e+09
1.699989938039999962e+09
1.699989938059999943e+09
1.699989938079999924e+09
1.699989938099999905e+09
1.699989938119999886e+09
1.699989938140000105e+09
1.699989938160000086e+09
1.699989938180000067e+09
1.699989938200000048e+09
1.699989938220000029e+09
1.699989938240000010e+09
1.699989938259999990e+09
1.699989938279999971e+09
1.699989938299999952e+09
1.699989938319999933e+09
1.699989938339999914e+09
1.699989938359999895e+09
1.699989938380000114e+09
1.699989938400000095e+09
1.699989938420000076e+09
1.699989938440000057e+09
1.699989938460000038e+09
1.699989938480000019e+09
1.699989938500000000e+09
1.699989938519999981e+09
1.699989938539999962e+09
1.699989938559999943e+09
1.699989938579999924e+09
1.699989938599999905e+09
1.699989938619999886e+09
1.699989938640000105e+09
1.699989938660000086e+09
1.699989938680000067e+09
1.699989938700000048e+09
1.699989938720000029e+09
1.699989938740000010e+09
1.699989938759999990e+09
1.699989938779999971e+09
1.699989938799999952e+09
1.699989938819999933e+09
1.699989938839999914e+09
1.699989938859999895e+09
1.699989938880000114e+09
1.699989938900000095e+09
1.699989938920000076e+09
1.699989938940000057e+09
1.699989938960000038e+09
1.699989938980000019e+09
1.699989939000000000e+09
1.699989939019999981e+09
1.699989939039999962e+09
1.699989939059999943e+09
1.699989939079999924e+09
1.699989939099999905e+09
1.699989939119999886e+09
1.699989939140000105e+09
1.699989939160000086e+09
1.699989939180000067e+09
1.699989939200000048e+09
1.699989939220000029e+09
1.699989939240000010e+09
1.699989939259999990e+09
1.699989939279999971e+09
1.699989939299999952e+09
1.699989939319999933e+09
1.699989939339999914e+09
1.699989939359999895e+09
1.699989939380000114e+09
1.699989939400000095e+09
1.699989939420000076e+09
1.699989939440000057e+09
1.699989939460000038e+09
1.699989939480000019e+09
1.699989939500000000e+09
1.699989939519999981e+09
1.699989939539999962e+09
1.699989939559999943e+09
1.699989939579999924e+09
1.699989939599999905e+09
1.699989939619999886e+09
1.699989939640000105e+09
1.699989939660000086e+09
1.699989939680000067e+09
1.699989939700000048e+09
1.699989939720000029e+09
1.699989939740000010e+09
1.699989939759999990e+09
1.699989939779999971e+09
1.699989939799999952e+09
1.699989939819999933e+09
1.699989939839999914e+09
1.699989939859999895e+09
1.699989939880000114e+09
1.699989939900000095e+09
1.699989939920000076e+09
1.699989939940000057e+09
1.699989939960000038e+09
1.699989939980000019e+09
1.699989940000000000e+09
1.699989940019999981e+09
1.699989940039999962e+09
1.699989940059999943e+09
1.699989940079999924e+09
1.699989940099999905e+09
1.699989940119999886e+09
1.699989940140000105e+09
1.699989940160000086e+09
1.699989940180000067e+09
1.699989940200000048e+09
1.699989940220000029e+09
1.699989940240000010e+09
1.699989940259999990e+09
1.699989940279999971e+09
1.699989940299999952e+09
1.699989940319999933e+09
1.699989940339999914e+09
1.699989940359999895e+09
1.699989940380000114e+09
1.699989940400000095e+09
1.699989940420000076e+09
1.699989940440000057e+09
1.699989940460000038e+09
1.699989940480000019e+09
1.699989940500000000e+09
1.699989940519999981e+09
1.699989940539999962e+09
1.699989940559999943e+09
1.699989940579999924e+09
1.699989940599999905e+09
1.699989940619999886e+09
1.699989940640000105e+09
1.699989940660000086e+09
1.699989940680000067e+09
1.699989940700000048e+09
1.699989940720000029e+09
1.699989940740000010e+09
1.699989940759999990e+09
1.699989940779999971e+09
1.699989940799999952e+09
1.699989940819999933e+09
1.699989940839999914e+09
1.699989940859999895e+09
1.699989940880000114e+09
1.699989940900000095e+09
1.699989940920000076e+09
1.699989940940000057e+09
1.699989940960000038e+09
1.699989940980000019e+09
1.699989941000000000e+09
1.699989941019999981e+09
1.699989941039999962e+09
1.699989941059999943e+09
1.699989941079999924e+09
1.699989941099999905e+09
1.699989941119999886e+09
1.699989941140000105e+09
1.699989941160000086e+09
1.699989941180000067e+09
1.699989941200000048e+09
1.699989941220000029e+09
1.699989941240000010e+09
1.699989941259999990e+09
1.699989941279999971e+09
1.699989941299999952e+09
1.699989941319999933e+09
1.699989941339999914e+09
1.699989941359999895e+09
1.699989941380000114e+09
1.699989941400000095e+09
1.699989941420000076e+09
1.699989941440000057e+09
1.699989941460000038e+09
1.699989941480000019e+09
1.699989941500000000e+09
1.699989941519999981e+09
1.699989941539999962e+09
1.699989941559999943e+09
1.699989941579999924e+09
1.699989941599999905e+09
1.699989941619999886e+09
1.699989941640000105e+09
1.699989941660000086e+09
1.699989941680000067e+09
1.699989941700000048e+09
1.699989941720000029e+09
1.699989941740000010e+09
1.699989941759999990e+09
1.699989941779999971e+09
1.699989941799999952e+09
1.699989941819999933e+09
1.699989941839999914e+09
1.699989941859999895e+09
1.699989941880000114e+09
1.699989941900000095e+09
1.699989941920000076e+09
1.699989941940000057e+09
1.699989941960000038e+09
1.699989941980000019e+09
1.699989942000000000e+09
1.699989942019999981e+09
1.699989942039999962e+09
1.699989942059999943e+09
1.699989942079999924e+09
1.699989942099999905e+09
1.699989942119999886e+09
1.699989942140000105e+09
1.699989942160000086e+09
1.699989942180000067e+09
1.699989942200000048e+09
1.699989942220000029e+09
1.699989942240000010e+09
1.699989942259999990e+09
1.699989942279999971e+09
1.699989942299999952e+09
1.699989942319999933e+09
1.699989942339999914e+09
1.699989942359999895e+09
1.699989942380000114e+09
1.699989942400000095e+09
1.699989942420000076e+09
1.699989942440000057e+09
1.699989942460000038e+09
1.699989942480000019e+09
1.699989942500000000e+09
1.699989942519999981e+09
1.699989942539999962e+09
1.699989942559999943e+09
1.699989942579999924e+09
1.699989942599999905e+09
1.699989942619999886e+09
1.699989942640000105e+09
1.699989942660000086e+09
1.699989942680000067e+09
1.699989942700000048e+09
1.699989942720000029e+09
1.699989942740000010e+09
1.699989942759999990e+09
1.699989942779999971e+09
1.699989942799999952e+09
1.699989942819999933e+09
1.699989942839999914e+09
1.699989942859999895e+09
1.699989942880000114e+09
1.699989942900000095e+09
1.699989942920000076e+09
1.699989942940000057e+09
1.699989942960000038e+09
1.699989942980000019e+09
1.699989943000000000e+09
1.699989943019999981e+09
1.699989943039999962e+09
1.699989943059999943e+09
1.699989943079999924e+09
1.699989943099999905e+09
1.699989943119999886e+09
1.699989943140000105e+09
1.699989943160000086e+09
1.699989943180000067e+09
1.699989943200000048e+09
1.699989943220000029e+09
1.699989943240000010e+09
1.699989943259999990e+09
1.699989943279999971e+09
1.699989943299999952e+09
1.699989943319999933e+09
1.699989943339999914e+09
1.699989943359999895e+09
1.699989943380000114e+09
1.699989943400000095e+09
1.699989943420000076e+09
1.699989943440000057e+09
1.699989943460000038e+09
1.699989943480000019e+09
1.699989943500000000e+09
1.699989943519999981e+09
1.699989943539999962e+09
1.699989943559999943e+09
1.699989943579999924e+09
1.699989943599999905e+09
1.699989943619999886e+09
1.699989943640000105e+09
1.699989943660000086e+09
1.699989943680000067e+09
1.699989943700000048e+09
1.699989943720000029e+09
1.699989943740000010e+09
1.699989943759999990e+09
1.699989943779999971e+09
1.699989943799999952e+09
1.699989943819999933e+09
1.699989943839999914e+09
1.699989943859999895e+09
1.699989943880000114e+09
1.699989943900000095e+09
1.699989943920000076e+09
1.699989943940000057e+09
1.699989943960000038e+09
1.699989943980000019e+09
1.699989944000000000e+09
1.699989944019999981e+09
1.699989944039999962e+09
1.699989944059999943e+09
1.699989944079999924e+09
1.699989944099999905e+09
1.699989944119999886e+09
1.699989944140000105e+09
1.699989944160000086e+09
1.699989944180000067e+09
1.699989944200000048e+09
1.699989944220000029e+09
1.699989944240000010e+09
1.699989944259999990e+09
1.699989944279999971e+09
1.699989944299999952e+09
1.699989944319999933e+09
1.699989944339999914e+09
1.699989944359999895e+09
1.699989944380000114e+09
1.699989944400000095e+09
1.699989944420000076e+09
1.699989944440000057e+09
1.699989944460000038e+09
1.699989944480000019e+09
1.699989944500000000e+09
1.699989944519999981e+09
1.699989944539999962e+09
1.699989944559999943e+09
1.699989944579999924e+09
1.699989944599999905e+09
1.699989944619999886e+09
1.699989944640000105e+09
1.699989944660000086e+09
1.699989944680000067e+09
1.699989944700000048e+09
1.699989944720000029e+09
1.699989944740000010e+09
1.699989944759999990e+09
1.699989944779999971e+09
1.699989944799999952e+09
1.699989944819999933e+09
1.699989944839999914e+09
1.699989944859999895e+09
1.699989944880000114e+09
1.699989944900000095e+09
1.699989944920000076e+09
1.699989944940000057e+09
1.699989944960000038e+09
1.699989944980000019e+09
1.699989945000000000e+09
1.699989945019999981e+09
1.699989945039999962e+09
1.699989945059999943e+09
1.699989945079999924e+09
1.699989945099999905e+09
1.699989945119999886e+09
1.699989945140000105e+09
1.699989945160000086e+09
1.699989945180000067e+09
1.699989945200000048e+09
1.699989945220000029e+09
1.699989945240000010e+09
1.699989945259999990e+09
1.699989945279999971e+09
1.699989945299999952e+09
1.699989945319999933e+09
1.699989945339999914e+09
1.699989945359999895e+09
1.699989945380000114e+09
1.699989945400000095e+09
1.699989945420000076e+09
1.699989945440000057e+09
1.699989945460000038e+09
1.699989945480000019e+09
1.699989945500000000e+09
1.699989945519999981e+09
1.699989945539999962e+09
1.699989945559999943e+09
1.699989945579999924e+09
1.699989945599999905e+09
1.699989945619999886e+09
1.699989945640000105e+09
1.699989945660000086e+09
1.699989945680000067e+09
1.699989945700000048e+09
1.699989945720000029e+09
1.699989945740000010e+09
1.699989945759999990e+09
1.699989945779999971e+09
1.699989945799999952e+09
1.699989945819999933e+09
1.699989945839999914e+09
1.699989945859999895e+09
1.699989945880000114e+09
1.699989945900000095e+09
1.699989945920000076e+09
1.699989945940000057e+09
1.699989945960000038e+09
1.699989945980000019e+09
1.699989946000000000e+09
1.699989946019999981e+09
1.699989946039999962e+09
1.699989946059999943e+09
1.699989946079999924e+09
1.699989946099999905e+09
1.699989946119999886e+09
1.699989946140000105e+09
1.699989946160000086e+09
1.699989946180000067e+09
1.699989946200000048e+09
1.699989946220000029e+09
1.699989946240000010e+09
1.699989946259999990e+09
1.699989946279999971e+09
1.699989946299999952e+09
1.699989946319999933e+09
1.699989946339999914e+09
1.699989946359999895e+09
1.699989946380000114e+09
1.699989946400000095e+09
1.699989946420000076e+09
1.699989946440000057e+09
1.699989946460000038e+09
1.699989946480000019e+09
1.699989946500000000e+09
1.699989946519999981e+09
1.699989946539999962e+09
1.699989946559999943e+09
1.699989946579999924e+09
1.699989946599999905e+09
1.699989946619999886e+09
1.699989946640000105e+09
1.699989946660000086e+09
1.699989946680000067e+09
1.699989946700000048e+09
1.699989946720000029e+09
1.699989946740000010e+09
1.699989946759999990e+09
1.699989946779999971e+09
1.699989946799999952e+09
1.699989946819999933e+09
1.699989946839999914e+09
1.699989946859999895e+09
1.699989946880000114e+09
1.699989946900000095e+09
1.699989946920000076e+09
1.699989946940000057e+09
1.699989946960000038e+09
1.699989946980000019e+09
1.699989947000000000e+09
1.699989947019999981e+09
1.699989947039999962e+09
1.699989947059999943e+09
1.699989947079999924e+09
1.699989947099999905e+09
1.699989947119999886e+09
1.699989947140000105e+09
1.699989947160000086e+09
1.699989947180000067e+09
1.699989947200000048e+09
1.699989947220000029e+09
1.699989947240000010e+09
1.699989947259999990e+09
