1.698955296160365582e+09
1.698955296160365582e+09
1.698955296324589968e+09
1.698955296324589968e+09
1.698955296480467319e+09
1.698955296645092487e+09
1.698955296645092487e+09
1.698955296804840326e+09
1.698955296961543560e+09
1.698955296961543560e+09
1.698955297125268936e+09
1.698955297125268936e+09
1.698955297280025482e+09
1.698955297446874380e+09
1.698955297446874380e+09
1.698955297601105928e+09
1.698955297754565716e+09
1.698955297754565716e+09
1.698955297921652555e+09
1.698955297921652555e+09
1.698955298119509459e+09
1.698955298242268801e+09
1.698955298242268801e+09
1.698955298405143738e+09
1.698955298405143738e+09
1.698955298570551157e+09
1.698955298734259367e+09
1.698955298734259367e+09
1.698955298895035982e+09
1.698955299043176889e+09
1.698955299043176889e+09
1.698955299204607964e+09
1.698955299361165285e+09
1.698955299361165285e+09
1.698955299523749352e+09
1.698955299523749352e+09
1.698955299681603432e+09
1.698955299844441414e+09
1.698955299844441414e+09
1.698955300003611565e+09
1.698955300161976337e+09
1.698955300161976337e+09
1.698955300322796345e+09
1.698955300322796345e+09
1.698955300482722759e+09
1.698955300643808842e+09
1.698955300643808842e+09
1.698955300804466486e+09
1.698955300960123062e+09
1.698955300960123062e+09
1.698955301124787807e+09
1.698955301124787807e+09
1.698955301282512426e+09
1.698955301447169781e+09
1.698955301447169781e+09
1.698955301604745150e+09
1.698955301764899254e+09
1.698955301764899254e+09
1.698955301926658392e+09
1.698955301926658392e+09
1.698955302083772182e+09
1.698955302245549679e+09
1.698955302245549679e+09
1.698955302403059244e+09
1.698955302564201117e+09
1.698955302564201117e+09
1.698955302726082802e+09
1.698955302726082802e+09
1.698955302881284475e+09
1.698955303046803474e+09
1.698955303046803474e+09
1.698955303203990698e+09
1.698955303367251635e+09
1.698955303367251635e+09
1.698955303526946306e+09
1.698955303526946306e+09
1.698955303681070089e+09
1.698955303845832109e+09
1.698955303935530901e+09
1.698955303935530901e+09
1.698955303935530901e+09
1.698955303935530901e+09
1.698955304324820042e+09
1.698955304324820042e+09
1.698955304483553648e+09
1.698955304644493818e+09
1.698955304644493818e+09
1.698955304806800842e+09
1.698955304963301182e+09
1.698955304963301182e+09
1.698955305124304533e+09
1.698955305124304533e+09
1.698955305282398701e+09
1.698955305440495014e+09
1.698955305440495014e+09
1.698955305602647543e+09
1.698955305763672829e+09
1.698955305763672829e+09
1.698955305924571753e+09
1.698955305924571753e+09
1.698955306083426237e+09
1.698955306241514921e+09
1.698955306241514921e+09
1.698955306403281689e+09
1.698955306560391903e+09
1.698955306560391903e+09
1.698955306724222422e+09
1.698955306724222422e+09
1.698955306880243063e+09
1.698955307040838480e+09
1.698955307040838480e+09
1.698955307204702854e+09
1.698955307360386610e+09
1.698955307360386610e+09
1.698955307522213697e+09
1.698955307522213697e+09
1.698955307679892778e+09
1.698955307841020823e+09
1.698955307841020823e+09
1.698955308003927946e+09
1.698955308164553881e+09
1.698955308164553881e+09
1.698955308322867155e+09
1.698955308322867155e+09
1.698955308480273724e+09
1.698955308643140793e+09
1.698955308643140793e+09
1.698955308803250551e+09
1.698955308963102341e+09
1.698955308963102341e+09
1.698955309122822046e+09
1.698955309122822046e+09
1.698955309280935049e+09
1.698955309442780733e+09
1.698955309442780733e+09
1.698955309602628946e+09
1.698955309762650490e+09
1.698955309762650490e+09
1.698955309921562910e+09
1.698955309921562910e+09
1.698955310082195759e+09
1.698955310239974022e+09
1.698955310239974022e+09
1.698955310401979446e+09
1.698955310563700676e+09
1.698955310563700676e+09
1.698955310723454714e+09
1.698955310723454714e+09
1.698955310881147146e+09
1.698955311044744968e+09
1.698955311044744968e+09
1.698955311203520775e+09
1.698955311366025448e+09
1.698955311366025448e+09
1.698955311522392273e+09
1.698955311522392273e+09
1.698955311679887295e+09
1.698955311847223520e+09
1.698955311847223520e+09
1.698955312005244017e+09
1.698955312165350199e+09
1.698955312165350199e+09
1.698955312319795132e+09
1.698955312319795132e+09
1.698955312482548237e+09
1.698955312646286249e+09
1.698955312646286249e+09
1.698955312805227280e+09
1.698955312967501163e+09
1.698955312967501163e+09
1.698955313122418165e+09
1.698955313122418165e+09
1.698955313284756422e+09
1.698955313447092056e+09
1.698955313447092056e+09
1.698955313601926088e+09
1.698955313766975403e+09
1.698955313766975403e+09
1.698955313922415257e+09
1.698955313922415257e+09
1.698955314082159996e+09
1.698955314243782282e+09
1.698955314243782282e+09
1.698955314403230906e+09
1.698955314562028170e+09
1.698955314562028170e+09
1.698955314722301960e+09
1.698955314722301960e+09
1.698955314883278131e+09
1.698955315047717333e+09
1.698955315047717333e+09
1.698955315202437639e+09
1.698955315362035513e+09
1.698955315362035513e+09
1.698955315521239758e+09
1.698955315521239758e+09
1.698955315681390285e+09
1.698955315841807365e+09
1.698955315841807365e+09
1.698955316003869534e+09
1.698955316160432816e+09
1.698955316160432816e+09
1.698955316320864201e+09
1.698955316320864201e+09
1.698955316480792046e+09
1.698955316643083572e+09
1.698955316643083572e+09
1.698955316801445246e+09
1.698955316961399555e+09
1.698955316961399555e+09
1.698955317121577740e+09
1.698955317121577740e+09
1.698955317280583620e+09
1.698955317441621065e+09
1.698955317441621065e+09
1.698955317601606369e+09
1.698955317760982990e+09
1.698955317760982990e+09
1.698955317920151234e+09
1.698955317920151234e+09
1.698955318083948374e+09
1.698955318239950657e+09
1.698955318239950657e+09
1.698955318403186798e+09
1.698955318562258720e+09
1.698955318562258720e+09
1.698955318721035004e+09
1.698955318721035004e+09
1.698955318886369228e+09
1.698955319040938854e+09
1.698955319040938854e+09
1.698955319203211784e+09
1.698955319362364292e+09
1.698955319362364292e+09
1.698955319520098448e+09
1.698955319520098448e+09
1.698955319686470509e+09
1.698955319842486143e+09
1.698955319842486143e+09
1.698955320001658440e+09
1.698955320158324242e+09
1.698955320158324242e+09
1.698955320158324242e+09
1.698955320158324242e+09
1.698955320485802650e+09
1.698955320641831636e+09
1.698955320641831636e+09
1.698955320803925991e+09
1.698955320964442492e+09
1.698955320964442492e+09
1.698955321123260498e+09
1.698955321123260498e+09
1.698955321284783602e+09
1.698955321440206051e+09
1.698955321440206051e+09
1.698955321602934837e+09
1.698955321764872313e+09
1.698955321764872313e+09
1.698955321923373699e+09
1.698955321923373699e+09
1.698955322090555906e+09
1.698955322243040085e+09
1.698955322243040085e+09
1.698955322403468609e+09
1.698955322565890789e+09
1.698955322565890789e+09
1.698955322720916271e+09
1.698955322720916271e+09
1.698955322887124538e+09
1.698955323041988134e+09
1.698955323041988134e+09
1.698955323206659794e+09
1.698955323366262674e+09
1.698955323366262674e+09
1.698955323523150682e+09
1.698955323523150682e+09
1.698955323684203386e+09
1.698955323840168476e+09
1.698955323840168476e+09
1.698955324015763998e+09
1.698955324164552212e+09
1.698955324164552212e+09
1.698955324323571205e+09
1.698955324323571205e+09
1.698955324481637001e+09
1.698955324640613556e+09
1.698955324640613556e+09
1.698955324805098057e+09
1.698955324966269016e+09
1.698955324966269016e+09
1.698955325122577667e+09
1.698955325122577667e+09
1.698955325282303810e+09
1.698955325438996792e+09
1.698955325438996792e+09
1.698955325605248690e+09
1.698955325765261889e+09
1.698955325765261889e+09
1.698955325920681715e+09
1.698955325920681715e+09
1.698955326082026482e+09
1.698955326242261410e+09
1.698955326361000776e+09
1.698955326361000776e+09
1.698955326567101955e+09
1.698955326567101955e+09
1.698955326720026731e+09
1.698955326720026731e+09
1.698955326882996321e+09
1.698955327042949438e+09
1.698955327042949438e+09
1.698955327206478596e+09
1.698955327362192631e+09
1.698955327362192631e+09
1.698955327522855997e+09
1.698955327522855997e+09
1.698955327684180021e+09
1.698955327841196299e+09
1.698955327841196299e+09
1.698955328007747173e+09
1.698955328163427830e+09
1.698955328163427830e+09
1.698955328320424318e+09
1.698955328320424318e+09
1.698955328484342813e+09
1.698955328641280651e+09
1.698955328641280651e+09
1.698955328808516026e+09
1.698955328961085796e+09
1.698955328961085796e+09
1.698955329122701645e+09
1.698955329122701645e+09
1.698955329285649776e+09
1.698955329443054438e+09
1.698955329443054438e+09
1.698955329606774569e+09
1.698955329763663054e+09
1.698955329763663054e+09
1.698955329925496340e+09
1.698955329925496340e+09
1.698955330084020138e+09
1.698955330160992146e+09
1.698955330160992146e+09
1.698955330160992146e+09
1.698955330160992146e+09
1.698955330569734812e+09
1.698955330730566025e+09
1.698955330730566025e+09
1.698955330882731199e+09
1.698955331040399313e+09
1.698955331040399313e+09
1.698955331210059881e+09
1.698955331366379261e+09
1.698955331366379261e+09
1.698955331521040440e+09
1.698955331521040440e+09
1.698955331685330153e+09
1.698955331843900681e+09
1.698955331843900681e+09
1.698955332008206844e+09
1.698955332158682108e+09
1.698955332158682108e+09
1.698955332323478222e+09
1.698955332323478222e+09
1.698955332487727880e+09
1.698955332643639803e+09
1.698955332643639803e+09
1.698955332805186510e+09
1.698955332961293936e+09
1.698955332961293936e+09
1.698955333121449232e+09
1.698955333121449232e+09
1.698955333287457943e+09
1.698955333442487240e+09
1.698955333442487240e+09
1.698955333607385874e+09
1.698955333763074636e+09
1.698955333763074636e+09
1.698955333924174786e+09
1.698955333924174786e+09
1.698955334087618351e+09
1.698955334241279364e+09
1.698955334241279364e+09
1.698955334407699823e+09
1.698955334561421156e+09
1.698955334561421156e+09
1.698955334722387314e+09
1.698955334722387314e+09
1.698955334890566587e+09
1.698955335041482925e+09
1.698955335041482925e+09
1.698955335202868938e+09
1.698955335362556934e+09
1.698955335362556934e+09
1.698955335522198200e+09
1.698955335522198200e+09
1.698955335689501762e+09
1.698955335840772152e+09
1.698955335840772152e+09
1.698955336004400253e+09
1.698955336160326719e+09
1.698955336160326719e+09
1.698955336325194120e+09
1.698955336325194120e+09
1.698955336484727144e+09
1.698955336642489433e+09
1.698955336642489433e+09
1.698955336801830053e+09
1.698955336962676287e+09
1.698955336962676287e+09
1.698955337124689817e+09
1.698955337124689817e+09
1.698955337287270069e+09
1.698955337443428516e+09
1.698955337443428516e+09
1.698955337600586414e+09
1.698955337762087345e+09
1.698955337762087345e+09
1.698955337924939632e+09
1.698955337924939632e+09
1.698955338080049515e+09
1.698955338240733147e+09
1.698955338240733147e+09
1.698955338404406548e+09
1.698955338560895443e+09
1.698955338560895443e+09
1.698955338724648237e+09
1.698955338724648237e+09
1.698955338883586884e+09
1.698955339043498993e+09
1.698955339043498993e+09
1.698955339205202818e+09
1.698955339362568617e+09
1.698955339362568617e+09
1.698955339523949862e+09
1.698955339523949862e+09
1.698955339683146238e+09
1.698955339840865374e+09
1.698955339840865374e+09
1.698955340003300905e+09
1.698955340162293196e+09
1.698955340162293196e+09
1.698955340323554993e+09
1.698955340323554993e+09
1.698955340482555866e+09
1.698955340640099049e+09
1.698955340640099049e+09
1.698955340803654671e+09
1.698955340960746288e+09
1.698955340960746288e+09
1.698955341124629974e+09
1.698955341124629974e+09
1.698955341282160521e+09
1.698955341440213919e+09
1.698955341440213919e+09
1.698955341609101057e+09
1.698955341760684013e+09
1.698955341760684013e+09
1.698955341925595760e+09
1.698955341925595760e+09
1.698955342081526756e+09
1.698955342239946127e+09
1.698955342239946127e+09
1.698955342407322407e+09
1.698955342561986685e+09
1.698955342561986685e+09
1.698955342727344036e+09
1.698955342727344036e+09
1.698955342881800652e+09
1.698955343041006565e+09
1.698955343041006565e+09
1.698955343206347704e+09
1.698955343362599373e+09
1.698955343362599373e+09
1.698955343524992466e+09
1.698955343524992466e+09
1.698955343681812763e+09
1.698955343842979431e+09
1.698955343842979431e+09
1.698955344009269953e+09
1.698955344160914183e+09
1.698955344160914183e+09
1.698955344321077347e+09
1.698955344321077347e+09
1.698955344484265804e+09
1.698955344642467499e+09
1.698955344642467499e+09
1.698955344805576324e+09
1.698955344963540792e+09
1.698955344963540792e+09
1.698955345125454903e+09
1.698955345125454903e+09
1.698955345283575535e+09
1.698955345439888954e+09
1.698955345439888954e+09
1.698955345607408524e+09
1.698955345757998466e+09
1.698955345757998466e+09
1.698955345923298836e+09
1.698955345923298836e+09
1.698955346082445621e+09
1.698955346244076729e+09
1.698955346244076729e+09
1.698955346403819799e+09
1.698955346560651302e+09
1.698955346560651302e+09
1.698955346720607042e+09
1.698955346720607042e+09
1.698955346884393930e+09
1.698955347041613102e+09
1.698955347041613102e+09
1.698955347201283455e+09
1.698955347363859892e+09
1.698955347363859892e+09
1.698955347523213387e+09
1.698955347523213387e+09
1.698955347688374996e+09
1.698955347842478275e+09
1.698955347842478275e+09
1.698955348002933741e+09
1.698955348161536932e+09
1.698955348161536932e+09
1.698955348318400145e+09
1.698955348318400145e+09
1.698955348480152607e+09
1.698955348645069599e+09
1.698955348645069599e+09
1.698955348800756931e+09
1.698955348962238073e+09
1.698955348962238073e+09
1.698955349122822523e+09
1.698955349122822523e+09
1.698955349285511017e+09
1.698955349444863081e+09
1.698955349444863081e+09
1.698955349604085207e+09
1.698955349762738943e+09
1.698955349762738943e+09
1.698955349924456835e+09
1.698955349924456835e+09
1.698955350082333088e+09
1.698955350244705915e+09
1.698955350244705915e+09
1.698955350404129028e+09
1.698955350563973665e+09
1.698955350563973665e+09
1.698955350726546049e+09
1.698955350726546049e+09
1.698955350883692503e+09
1.698955351043588400e+09
1.698955351043588400e+09
1.698955351202873707e+09
1.698955351362916946e+09
1.698955351362916946e+09
1.698955351523800611e+09
1.698955351523800611e+09
1.698955351682337523e+09
1.698955351847173691e+09
1.698955351847173691e+09
1.698955352003421307e+09
1.698955352161744595e+09
1.698955352161744595e+09
1.698955352324983835e+09
1.698955352324983835e+09
1.698955352480663300e+09
1.698955352644384861e+09
1.698955352644384861e+09
1.698955352804476261e+09
1.698955352958119154e+09
1.698955352958119154e+09
1.698955353127280474e+09
1.698955353127280474e+09
1.698955353282403231e+09
1.698955353447480440e+09
1.698955353447480440e+09
1.698955353603778601e+09
1.698955353763189554e+09
1.698955353763189554e+09
1.698955353763189554e+09
1.698955353763189554e+09
1.698955354083802700e+09
1.698955354242748737e+09
1.698955354242748737e+09
1.698955354403218746e+09
1.698955354565965652e+09
1.698955354565965652e+09
1.698955354565965652e+09
1.698955354565965652e+09
1.698955354881546974e+09
1.698955355042674780e+09
1.698955355042674780e+09
1.698955355202724457e+09
1.698955355360596895e+09
1.698955355360596895e+09
1.698955355521952868e+09
1.698955355521952868e+09
1.698955355682433844e+09
1.698955355844410658e+09
1.698955355844410658e+09
1.698955356003106117e+09
1.698955356165102243e+09
1.698955356165102243e+09
1.698955356165102243e+09
1.698955356165102243e+09
1.698955356482926607e+09
1.698955356642434835e+09
1.698955356642434835e+09
1.698955356802327156e+09
1.698955356961700678e+09
1.698955356961700678e+09
1.698955357126703024e+09
1.698955357126703024e+09
1.698955357283171415e+09
1.698955357442036152e+09
1.698955357442036152e+09
1.698955357605221033e+09
1.698955357762457848e+09
1.698955357762457848e+09
1.698955357923308134e+09
1.698955358065405846e+09
1.698955358065405846e+09
1.698955358243524313e+09
1.698955358243524313e+09
1.698955358400871038e+09
1.698955358563744545e+09
1.698955358563744545e+09
1.698955358720348120e+09
1.698955358720348120e+09
1.698955358880536556e+09
1.698955359040641546e+09
1.698955359040641546e+09
1.698955359202656031e+09
1.698955359365755081e+09
1.698955359365755081e+09
1.698955359522234917e+09
1.698955359522234917e+09
1.698955359680948019e+09
1.698955359844532967e+09
1.698955359844532967e+09
1.698955360004420757e+09
1.698955360164572716e+09
1.698955360164572716e+09
1.698955360319685459e+09
1.698955360319685459e+09
1.698955360480011463e+09
1.698955360642806292e+09
1.698955360642806292e+09
1.698955360801766634e+09
1.698955360963970184e+09
1.698955360963970184e+09
1.698955361120839357e+09
1.698955361120839357e+09
1.698955361282519579e+09
1.698955361442704916e+09
1.698955361442704916e+09
1.698955361602807522e+09
1.698955361765040159e+09
1.698955361765040159e+09
1.698955361922507048e+09
1.698955361922507048e+09
1.698955362081999302e+09
1.698955362245104551e+09
1.698955362245104551e+09
1.698955362404359341e+09
1.698955362565805435e+09
1.698955362565805435e+09
1.698955362723987341e+09
1.698955362723987341e+09
1.698955362880627155e+09
1.698955363044384956e+09
1.698955363044384956e+09
1.698955363205807924e+09
1.698955363205807924e+09
1.698955363368437052e+09
1.698955363523145676e+09
1.698955363523145676e+09
1.698955363683034182e+09
1.698955363847861767e+09
1.698955363847861767e+09
1.698955364005893230e+09
1.698955364167663813e+09
1.698955364167663813e+09
1.698955364323645830e+09
1.698955364323645830e+09
1.698955364483308077e+09
1.698955364646410942e+09
1.698955364646410942e+09
1.698955364801615000e+09
1.698955364966271162e+09
1.698955364966271162e+09
1.698955365120048523e+09
1.698955365120048523e+09
1.698955365282113314e+09
1.698955365447361231e+09
1.698955365447361231e+09
1.698955365602361917e+09
1.698955365763017416e+09
1.698955365763017416e+09
1.698955365920040607e+09
1.698955365920040607e+09
1.698955366083491802e+09
1.698955366247465372e+09
1.698955366247465372e+09
1.698955366400954723e+09
1.698955366566049099e+09
1.698955366566049099e+09
1.698955366722044468e+09
1.698955366722044468e+09
1.698955366882115126e+09
1.698955367045022964e+09
1.698955367045022964e+09
1.698955367203540325e+09
1.698955367362097502e+09
1.698955367362097502e+09
1.698955367523420095e+09
1.698955367523420095e+09
1.698955367685982227e+09
1.698955367846820593e+09
1.698955367846820593e+09
1.698955368001173496e+09
1.698955368160980225e+09
1.698955368160980225e+09
1.698955368322117329e+09
1.698955368322117329e+09
1.698955368492201805e+09
1.698955368558078527e+09
1.698955368558078527e+09
1.698955368558078527e+09
1.698955368958791494e+09
1.698955368958791494e+09
1.698955369120960236e+09
1.698955369120960236e+09
1.698955369283653021e+09
1.698955369442068815e+09
1.698955369442068815e+09
1.698955369603147030e+09
1.698955369756880760e+09
1.698955369756880760e+09
1.698955369920863152e+09
1.698955369920863152e+09
1.698955370082426548e+09
1.698955370239965677e+09
1.698955370239965677e+09
1.698955370400959015e+09
1.698955370564421654e+09
1.698955370564421654e+09
1.698955370724184036e+09
1.698955370724184036e+09
1.698955370885400534e+09
1.698955371042775154e+09
1.698955371042775154e+09
1.698955371203308105e+09
1.698955371365590334e+09
1.698955371365590334e+09
1.698955371523006678e+09
1.698955371523006678e+09
1.698955371686726093e+09
1.698955371840194941e+09
1.698955371840194941e+09
1.698955372003273249e+09
1.698955372164394379e+09
1.698955372164394379e+09
1.698955372323524237e+09
1.698955372323524237e+09
1.698955372485639334e+09
1.698955372642391205e+09
1.698955372642391205e+09
1.698955372802209854e+09
1.698955372967457771e+09
1.698955372967457771e+09
1.698955373121382475e+09
1.698955373121382475e+09
1.698955373284793854e+09
1.698955373443434954e+09
1.698955373443434954e+09
1.698955373602941513e+09
1.698955373762427807e+09
1.698955373762427807e+09
1.698955373923049927e+09
1.698955373923049927e+09
1.698955374083889723e+09
1.698955374242724895e+09
1.698955374242724895e+09
1.698955374400341511e+09
1.698955374561680794e+09
1.698955374561680794e+09
1.698955374561680794e+09
1.698955374561680794e+09
1.698955374561680794e+09
1.698955374561680794e+09
1.698955374561680794e+09
1.698955375204400539e+09
1.698955375204400539e+09
1.698955375368325233e+09
1.698955375521433830e+09
1.698955375521433830e+09
1.698955375682462454e+09
1.698955375840263128e+09
1.698955375840263128e+09
1.698955376003215551e+09
1.698955376164716959e+09
1.698955376164716959e+09
1.698955376323909044e+09
1.698955376323909044e+09
1.698955376484122753e+09
1.698955376611713648e+09
1.698955376662519455e+09
1.698955376662519455e+09
1.698955376662519455e+09
1.698955376973185778e+09
1.698955377121875048e+09
1.698955377121875048e+09
1.698955377299792051e+09
1.698955377443109274e+09
1.698955377443109274e+09
1.698955377606081963e+09
1.698955377606081963e+09
1.698955377768916607e+09
1.698955377920223236e+09
1.698955377920223236e+09
1.698955378083123684e+09
1.698955378240926743e+09
1.698955378240926743e+09
1.698955378406767368e+09
1.698955378564587831e+09
1.698955378564587831e+09
1.698955378721764088e+09
1.698955378721764088e+09
1.698955378881594181e+09
1.698955379043569088e+09
1.698955379043569088e+09
1.698955379206543207e+09
1.698955379360372066e+09
1.698955379360372066e+09
1.698955379520468712e+09
1.698955379520468712e+09
1.698955379686004400e+09
1.698955379843147993e+09
1.698955379843147993e+09
1.698955380007147312e+09
1.698955380162507534e+09
1.698955380162507534e+09
1.698955380320857048e+09
1.698955380320857048e+09
1.698955380484177113e+09
1.698955380641972065e+09
1.698955380641972065e+09
1.698955380808793068e+09
1.698955380962512493e+09
1.698955380962512493e+09
1.698955381121347189e+09
1.698955381121347189e+09
1.698955381282769203e+09
1.698955381441290617e+09
1.698955381441290617e+09
1.698955381609606743e+09
1.698955381760627031e+09
1.698955381760627031e+09
1.698955381922079325e+09
1.698955381922079325e+09
1.698955382086862564e+09
1.698955382222926140e+09
1.698955382222926140e+09
1.698955382222926140e+09
1.698955382563392162e+09
1.698955382563392162e+09
1.698955382723733664e+09
1.698955382723733664e+09
1.698955382883023024e+09
1.698955383041386127e+09
1.698955383041386127e+09
1.698955383205603361e+09
1.698955383362012863e+09
1.698955383362012863e+09
1.698955383526214600e+09
1.698955383526214600e+09
1.698955383686153173e+09
1.698955383836391926e+09
1.698955383836391926e+09
1.698955384007536650e+09
1.698955384162905931e+09
1.698955384162905931e+09
1.698955384322245359e+09
1.698955384322245359e+09
1.698955384486174107e+09
1.698955384642785788e+09
1.698955384642785788e+09
1.698955384806748629e+09
1.698955384960773468e+09
1.698955384960773468e+09
1.698955385124122620e+09
1.698955385124122620e+09
1.698955385288671255e+09
1.698955385443320036e+09
1.698955385443320036e+09
1.698955385602397442e+09
1.698955385762230158e+09
1.698955385762230158e+09
1.698955385926418304e+09
1.698955385926418304e+09
1.698955386084964752e+09
1.698955386241037846e+09
1.698955386241037846e+09
1.698955386400609255e+09
1.698955386562807322e+09
1.698955386562807322e+09
1.698955386725854397e+09
1.698955386725854397e+09
1.698955386894381046e+09
1.698955387040860415e+09
1.698955387040860415e+09
1.698955387201485157e+09
1.698955387363186121e+09
1.698955387363186121e+09
1.698955387521852970e+09
1.698955387521852970e+09
1.698955387682104826e+09
1.698955387841124773e+09
1.698955387841124773e+09
1.698955388002142906e+09
1.698955388165138721e+09
1.698955388165138721e+09
1.698955388326775074e+09
1.698955388326775074e+09
1.698955388483337402e+09
1.698955388642602205e+09
1.698955388642602205e+09
1.698955388802347660e+09
1.698955388964481115e+09
1.698955388964481115e+09
1.698955389125430584e+09
1.698955389125430584e+09
1.698955389293265581e+09
1.698955389444393635e+09
1.698955389444393635e+09
1.698955389628102541e+09
1.698955389760023832e+09
1.698955389760023832e+09
1.698955389925424337e+09
1.698955390065327168e+09
1.698955390065327168e+09
1.698955390243322849e+09
1.698955390243322849e+09
1.698955390400656223e+09
1.698955390561105728e+09
1.698955390561105728e+09
1.698955390724671602e+09
1.698955390724671602e+09
1.698955390881728411e+09
1.698955391042987347e+09
1.698955391042987347e+09
1.698955391203812122e+09
1.698955391362255335e+09
1.698955391362255335e+09
1.698955391523690701e+09
1.698955391523690701e+09
1.698955391682879925e+09
1.698955391843778610e+09
1.698955391843778610e+09
1.698955392006930590e+09
1.698955392163077116e+09
1.698955392163077116e+09
1.698955392326211929e+09
1.698955392326211929e+09
1.698955392480461359e+09
1.698955392640354395e+09
1.698955392640354395e+09
1.698955392808476210e+09
1.698955392962534189e+09
1.698955392962534189e+09
1.698955393123931408e+09
1.698955393123931408e+09
1.698955393277443171e+09
1.698955393443255901e+09
1.698955393443255901e+09
1.698955393607461691e+09
1.698955393762937546e+09
1.698955393762937546e+09
1.698955393926174402e+09
1.698955393926174402e+09
1.698955394082366943e+09
1.698955394241143703e+09
1.698955394241143703e+09
1.698955394410198689e+09
1.698955394560928583e+09
1.698955394560928583e+09
1.698955394724086285e+09
1.698955394724086285e+09
1.698955394882634401e+09
1.698955395043324947e+09
1.698955395043324947e+09
1.698955395209294796e+09
1.698955395363748789e+09
1.698955395363748789e+09
1.698955395525102615e+09
1.698955395525102615e+09
1.698955395682540894e+09
1.698955395844305038e+09
1.698955395844305038e+09
1.698955396007571936e+09
1.698955396162925005e+09
1.698955396162925005e+09
1.698955396322825432e+09
1.698955396322825432e+09
1.698955396482955217e+09
1.698955396645801783e+09
1.698955396645801783e+09
1.698955396805094719e+09
1.698955396961740255e+09
1.698955396961740255e+09
1.698955397124108315e+09
1.698955397124108315e+09
1.698955397281648874e+09
1.698955397443334341e+09
1.698955397443334341e+09
1.698955397605351448e+09
1.698955397760023594e+09
1.698955397760023594e+09
1.698955397917917728e+09
1.698955397917917728e+09
1.698955398079444170e+09
1.698955398242398262e+09
1.698955398242398262e+09
1.698955398409070253e+09
1.698955398562422752e+09
1.698955398562422752e+09
1.698955398722761393e+09
1.698955398722761393e+09
1.698955398889042139e+09
1.698955399045692921e+09
1.698955399045692921e+09
1.698955399202886343e+09
1.698955399363264561e+09
1.698955399363264561e+09
1.698955399532006025e+09
1.698955399532006025e+09
1.698955399681437254e+09
1.698955399846612930e+09
1.698955399846612930e+09
1.698955400002619028e+09
1.698955400163578272e+09
1.698955400163578272e+09
1.698955400323700666e+09
1.698955400323700666e+09
1.698955400482180595e+09
1.698955400645591974e+09
1.698955400645591974e+09
1.698955400802809477e+09
1.698955400962828636e+09
1.698955400962828636e+09
1.698955401120751381e+09
1.698955401120751381e+09
1.698955401280813217e+09
1.698955401443906784e+09
1.698955401443906784e+09
1.698955401603336811e+09
1.698955401761663914e+09
1.698955401761663914e+09
1.698955401924212217e+09
1.698955401924212217e+09
1.698955402081327438e+09
1.698955402245391846e+09
1.698955402245391846e+09
1.698955402403306484e+09
1.698955402403306484e+09
1.698955402571557045e+09
1.698955402724492311e+09
1.698955402724492311e+09
1.698955402881985903e+09
1.698955403046983480e+09
1.698955403046983480e+09
1.698955403201067924e+09
1.698955403358566999e+09
1.698955403358566999e+09
1.698955403525266886e+09
1.698955403525266886e+09
1.698955403680576801e+09
1.698955403847871304e+09
1.698955403847871304e+09
1.698955404003627539e+09
1.698955404160515547e+09
1.698955404160515547e+09
1.698955404326435089e+09
1.698955404326435089e+09
1.698955404486770391e+09
1.698955404643493414e+09
1.698955404643493414e+09
1.698955404803989649e+09
1.698955404959336042e+09
1.698955404959336042e+09
1.698955405128170013e+09
1.698955405128170013e+09
1.698955405282882452e+09
1.698955405443664074e+09
1.698955405443664074e+09
1.698955405603196144e+09
1.698955405760182619e+09
1.698955405760182619e+09
1.698955405926352024e+09
1.698955405926352024e+09
1.698955406082516432e+09
1.698955406252289295e+09
1.698955406252289295e+09
1.698955406401598454e+09
1.698955406564572573e+09
1.698955406564572573e+09
1.698955406726351976e+09
1.698955406726351976e+09
1.698955406882959843e+09
1.698955407039795399e+09
1.698955407039795399e+09
1.698955407201124668e+09
1.698955407363369942e+09
1.698955407363369942e+09
1.698955407526813984e+09
1.698955407526813984e+09
1.698955407678103924e+09
1.698955407839837790e+09
1.698955407839837790e+09
1.698955408004691124e+09
1.698955408163320541e+09
1.698955408163320541e+09
1.698955408322089911e+09
1.698955408322089911e+09
1.698955408480708838e+09
1.698955408642126322e+09
1.698955408642126322e+09
1.698955408805759192e+09
1.698955408962087393e+09
1.698955408962087393e+09
1.698955409123408794e+09
1.698955409123408794e+09
1.698955409282377958e+09
1.698955409442589760e+09
1.698955409442589760e+09
1.698955409603818417e+09
1.698955409764638662e+09
1.698955409764638662e+09
1.698955409923979759e+09
1.698955409923979759e+09
1.698955410080351830e+09
1.698955410244122505e+09
1.698955410244122505e+09
1.698955410400964260e+09
1.698955410538859367e+09
1.698955410538859367e+09
1.698955410538859367e+09
1.698955410538859367e+09
1.698955410538859367e+09
1.698955410538859367e+09
1.698955410538859367e+09
1.698955411206885338e+09
1.698955411363001823e+09
1.698955411363001823e+09
1.698955411519954920e+09
1.698955411519954920e+09
1.698955411681769133e+09
1.698955411843128443e+09
1.698955411843128443e+09
1.698955412003804922e+09
1.698955412164242029e+09
1.698955412164242029e+09
1.698955412320799589e+09
1.698955412320799589e+09
1.698955412480419874e+09
1.698955412645618439e+09
1.698955412645618439e+09
1.698955412802525282e+09
1.698955412963557959e+09
1.698955412963557959e+09
1.698955413121327162e+09
1.698955413121327162e+09
1.698955413285967588e+09
1.698955413443671227e+09
1.698955413443671227e+09
1.698955413605051756e+09
1.698955413605051756e+09
1.698955413767995834e+09
1.698955413921555996e+09
1.698955413921555996e+09
1.698955414083166122e+09
1.698955414247813463e+09
1.698955414247813463e+09
1.698955414402822733e+09
1.698955414567113161e+09
1.698955414567113161e+09
1.698955414720077991e+09
1.698955414720077991e+09
1.698955414882935762e+09
1.698955415046678782e+09
1.698955415046678782e+09
1.698955415203973770e+09
1.698955415367419004e+09
1.698955415367419004e+09
1.698955415522201777e+09
1.698955415522201777e+09
1.698955415681240320e+09
1.698955415846072435e+09
1.698955415846072435e+09
1.698955416005047798e+09
1.698955416161877632e+09
1.698955416161877632e+09
1.698955416320264816e+09
1.698955416320264816e+09
1.698955416482827425e+09
1.698955416644880056e+09
1.698955416765590906e+09
1.698955416765590906e+09
1.698955416765590906e+09
1.698955416765590906e+09
1.698955417122920036e+09
1.698955417122920036e+09
1.698955417284025431e+09
1.698955417444840431e+09
1.698955417444840431e+09
1.698955417601352692e+09
1.698955417754969835e+09
1.698955417754969835e+09
1.698955417922565937e+09
1.698955417922565937e+09
1.698955418086449623e+09
1.698955418243639231e+09
1.698955418243639231e+09
1.698955418402771473e+09
1.698955418559822321e+09
1.698955418559822321e+09
1.698955418723991394e+09
1.698955418723991394e+09
1.698955418883822680e+09
1.698955419042111874e+09
1.698955419042111874e+09
1.698955419203377724e+09
1.698955419363549709e+09
1.698955419363549709e+09
1.698955419521679163e+09
1.698955419521679163e+09
1.698955419687983274e+09
1.698955419841358900e+09
1.698955419841358900e+09
1.698955420001789331e+09
1.698955420165236235e+09
1.698955420165236235e+09
1.698955420321615219e+09
1.698955420321615219e+09
1.698955420484243631e+09
1.698955420642890215e+09
1.698955420642890215e+09
1.698955420803408146e+09
1.698955420962957144e+09
1.698955420962957144e+09
1.698955421122979164e+09
1.698955421122979164e+09
1.698955421289416313e+09
1.698955421443279505e+09
1.698955421443279505e+09
1.698955421600874424e+09
1.698955421761056423e+09
1.698955421761056423e+09
1.698955421920448780e+09
1.698955421920448780e+09
1.698955422085942507e+09
1.698955422241293907e+09
1.698955422241293907e+09
1.698955422406877995e+09
1.698955422565550327e+09
1.698955422565550327e+09
1.698955422724569798e+09
1.698955422756747246e+09
1.698955422756747246e+09
1.698955422756747246e+09
1.698955422756747246e+09
1.698955423203444481e+09
1.698955423203444481e+09
1.698955423371599913e+09
1.698955423519859791e+09
1.698955423519859791e+09
1.698955423692445278e+09
1.698955423841098309e+09
1.698955423841098309e+09
1.698955424004450798e+09
1.698955424165982962e+09
1.698955424165982962e+09
1.698955424321295500e+09
1.698955424321295500e+09
1.698955424487126112e+09
1.698955424644493103e+09
1.698955424644493103e+09
1.698955424802915096e+09
1.698955424967419863e+09
1.698955424967419863e+09
1.698955425122586012e+09
1.698955425122586012e+09
1.698955425286203861e+09
1.698955425445334673e+09
1.698955425445334673e+09
1.698955425607540131e+09
1.698955425607540131e+09
1.698955425771914482e+09
1.698955425922361851e+09
1.698955425922361851e+09
1.698955426081393480e+09
1.698955426240249395e+09
1.698955426240249395e+09
1.698955426405041933e+09
1.698955426405041933e+09
1.698955426569271803e+09
1.698955426722717285e+09
1.698955426722717285e+09
1.698955426883485794e+09
1.698955427040870428e+09
1.698955427040870428e+09
1.698955427207897663e+09
1.698955427366774082e+09
1.698955427366774082e+09
1.698955427521947861e+09
1.698955427521947861e+09
1.698955427689651966e+09
1.698955427843363523e+09
1.698955427843363523e+09
1.698955428005880356e+09
1.698955428166450500e+09
1.698955428166450500e+09
1.698955428324053764e+09
1.698955428324053764e+09
1.698955428488465548e+09
1.698955428642956257e+09
1.698955428642956257e+09
1.698955428808401585e+09
1.698955428965999126e+09
1.698955428965999126e+09
1.698955429120248795e+09
1.698955429120248795e+09
1.698955429280061722e+09
1.698955429444003582e+09
1.698955429444003582e+09
1.698955429608405113e+09
1.698955429763533592e+09
1.698955429763533592e+09
1.698955429922954559e+09
1.698955429922954559e+09
1.698955430080025434e+09
1.698955430240911722e+09
1.698955430240911722e+09
1.698955430408956528e+09
1.698955430560589075e+09
1.698955430560589075e+09
1.698955430720401287e+09
1.698955430720401287e+09
1.698955430882862091e+09
1.698955431041256428e+09
1.698955431041256428e+09
1.698955431207612276e+09
1.698955431362823725e+09
1.698955431362823725e+09
1.698955431520572186e+09
1.698955431520572186e+09
1.698955431685172319e+09
1.698955431842754364e+09
1.698955431842754364e+09
1.698955432007505178e+09
1.698955432161932707e+09
1.698955432161932707e+09
1.698955432323463202e+09
1.698955432323463202e+09
1.698955432489551306e+09
1.698955432642935991e+09
1.698955432642935991e+09
1.698955432806684732e+09
1.698955432962958813e+09
1.698955432962958813e+09
1.698955433121786356e+09
1.698955433121786356e+09
1.698955433286460161e+09
1.698955433441264153e+09
1.698955433441264153e+09
1.698955433612475872e+09
1.698955433763790131e+09
1.698955433763790131e+09
1.698955433922383547e+09
1.698955433922383547e+09
1.698955434083412170e+09
1.698955434243407965e+09
1.698955434243407965e+09
1.698955434407104731e+09
1.698955434561012745e+09
1.698955434561012745e+09
1.698955434722430229e+09
1.698955434863180637e+09
1.698955434863180637e+09
1.698955434863180637e+09
1.698955434863180637e+09
1.698955435205550909e+09
1.698955435363754034e+09
1.698955435363754034e+09
1.698955435518049955e+09
1.698955435518049955e+09
1.698955435688001394e+09
1.698955435841257095e+09
1.698955435841257095e+09
1.698955436001126766e+09
1.698955436165580034e+09
1.698955436165580034e+09
1.698955436326663733e+09
1.698955436326663733e+09
1.698955436485503912e+09
1.698955436639929771e+09
1.698955436639929771e+09
1.698955436806487560e+09
1.698955436963860750e+09
1.698955436963860750e+09
1.698955437122305870e+09
1.698955437122305870e+09
1.698955437284279108e+09
1.698955437440220118e+09
1.698955437440220118e+09
1.698955437603804350e+09
1.698955437760620594e+09
1.698955437760620594e+09
1.698955437923726082e+09
1.698955437923726082e+09
1.698955438081284046e+09
1.698955438241788626e+09
1.698955438241788626e+09
1.698955438401261330e+09
1.698955438559288979e+09
1.698955438559288979e+09
1.698955438725322723e+09
1.698955438725322723e+09
1.698955438881700516e+09
1.698955439043190002e+09
1.698955439043190002e+09
1.698955439206416845e+09
1.698955439361646891e+09
1.698955439361646891e+09
1.698955439526582003e+09
1.698955439526582003e+09
1.698955439683578968e+09
1.698955439830481768e+09
1.698955439830481768e+09
1.698955440006577492e+09
1.698955440161354780e+09
1.698955440161354780e+09
1.698955440324404716e+09
1.698955440324404716e+09
1.698955440482929707e+09
1.698955440655047178e+09
1.698955440655047178e+09
1.698955440806962729e+09
1.698955440963841915e+09
1.698955440963841915e+09
1.698955441123903513e+09
1.698955441123903513e+09
1.698955441279828072e+09
1.698955441442903757e+09
1.698955441442903757e+09
1.698955441607170820e+09
1.698955441763405800e+09
1.698955441763405800e+09
1.698955441926200151e+09
1.698955441926200151e+09
1.698955442079950333e+09
1.698955442240627289e+09
1.698955442240627289e+09
1.698955442403066635e+09
1.698955442562559605e+09
1.698955442562559605e+09
1.698955442724071264e+09
1.698955442724071264e+09
1.698955442879952908e+09
1.698955443041627884e+09
1.698955443041627884e+09
1.698955443208131075e+09
1.698955443359947920e+09
1.698955443359947920e+09
1.698955443526506186e+09
1.698955443526506186e+09
1.698955443682371616e+09
1.698955443841573238e+09
1.698955443841573238e+09
1.698955444008310556e+09
1.698955444160676003e+09
1.698955444160676003e+09
1.698955444328517437e+09
1.698955444328517437e+09
1.698955444483174562e+09
1.698955444643079996e+09
1.698955444643079996e+09
1.698955444809197903e+09
1.698955444961580276e+09
1.698955444961580276e+09
1.698955445127302885e+09
1.698955445127302885e+09
1.698955445281374931e+09
1.698955445441503048e+09
1.698955445441503048e+09
1.698955445607220411e+09
1.698955445763222456e+09
1.698955445763222456e+09
1.698955445938264132e+09
1.698955445938264132e+09
1.698955446079141855e+09
1.698955446240997076e+09
1.698955446240997076e+09
1.698955446407871962e+09
1.698955446561300278e+09
1.698955446561300278e+09
1.698955446723564386e+09
1.698955446723564386e+09
1.698955446881094933e+09
1.698955447044285774e+09
1.698955447044285774e+09
1.698955447209557772e+09
1.698955447361839771e+09
1.698955447361839771e+09
1.698955447522641420e+09
1.698955447522641420e+09
1.698955447681304216e+09
1.698955447843648434e+09
1.698955447843648434e+09
1.698955448009557009e+09
1.698955448162537575e+09
1.698955448162537575e+09
1.698955448323574781e+09
1.698955448323574781e+09
1.698955448482510090e+09
1.698955448643947840e+09
1.698955448643947840e+09
1.698955448805170059e+09
1.698955448962448120e+09
1.698955448962448120e+09
1.698955449122212172e+09
1.698955449122212172e+09
1.698955449282203913e+09
1.698955449444581985e+09
1.698955449444581985e+09
1.698955449614789009e+09
1.698955449762155533e+09
1.698955449762155533e+09
1.698955449940779448e+09
1.698955449940779448e+09
1.698955450075808525e+09
1.698955450244575024e+09
1.698955450244575024e+09
1.698955450406834841e+09
1.698955450566685438e+09
1.698955450566685438e+09
1.698955450721570253e+09
1.698955450721570253e+09
1.698955450882864475e+09
1.698955451022966385e+09
1.698955451022966385e+09
1.698955451022966385e+09
1.698955451022966385e+09
1.698955451418877840e+09
1.698955451524203062e+09
1.698955451524203062e+09
1.698955451685498714e+09
1.698955451842888832e+09
1.698955451842888832e+09
1.698955452004932642e+09
1.698955452163977623e+09
1.698955452163977623e+09
1.698955452325709581e+09
1.698955452325709581e+09
1.698955452483585596e+09
1.698955452643577814e+09
1.698955452643577814e+09
1.698955452805296183e+09
1.698955452967666864e+09
1.698955452967666864e+09
1.698955453126271009e+09
1.698955453126271009e+09
1.698955453281447411e+09
1.698955453444012403e+09
1.698955453444012403e+09
1.698955453604074478e+09
1.698955453761417627e+09
1.698955453761417627e+09
1.698955453924525023e+09
1.698955453924525023e+09
1.698955454081315756e+09
1.698955454248853207e+09
1.698955454248853207e+09
1.698955454403342962e+09
1.698955454561386347e+09
1.698955454561386347e+09
1.698955454726989746e+09
1.698955454726989746e+09
1.698955454881775856e+09
1.698955455044703245e+09
1.698955455044703245e+09
1.698955455203287363e+09
1.698955455203287363e+09
1.698955455370239973e+09
1.698955455525204659e+09
1.698955455525204659e+09
1.698955455687505484e+09
1.698955455850222111e+09
1.698955455850222111e+09
1.698955456001700163e+09
1.698955456001700163e+09
1.698955456173046827e+09
1.698955456325174570e+09
1.698955456325174570e+09
1.698955456501045227e+09
1.698955456648202658e+09
1.698955456648202658e+09
1.698955456804046869e+09
1.698955456961595774e+09
1.698955457031480074e+09
1.698955457031480074e+09
1.698955457031480074e+09
1.698955457031480074e+09
1.698955457449275970e+09
1.698955457449275970e+09
1.698955457605327845e+09
1.698955457765473604e+09
1.698955457765473604e+09
1.698955457926899433e+09
1.698955457926899433e+09
1.698955458090755463e+09
1.698955458243389606e+09
1.698955458243389606e+09
1.698955458403659582e+09
1.698955458563486814e+09
1.698955458563486814e+09
1.698955458724461317e+09
1.698955458724461317e+09
1.698955458882945299e+09
1.698955459041528225e+09
1.698955459136262417e+09
1.698955459136262417e+09
1.698955459362328291e+09
1.698955459362328291e+09
1.698955459528448582e+09
1.698955459528448582e+09
1.698955459680775881e+09
1.698955459843701601e+09
1.698955459843701601e+09
1.698955460001177311e+09
1.698955460166433096e+09
1.698955460166433096e+09
1.698955460320261717e+09
1.698955460320261717e+09
1.698955460481852770e+09
1.698955460640700340e+09
1.698955460640700340e+09
1.698955460803267956e+09
1.698955460965307951e+09
1.698955460965307951e+09
1.698955461120111942e+09
1.698955461120111942e+09
1.698955461283597231e+09
1.698955461445842505e+09
1.698955461445842505e+09
1.698955461603562832e+09
1.698955461767296553e+09
1.698955461767296553e+09
1.698955461922899008e+09
1.698955461922899008e+09
1.698955462082427025e+09
1.698955462244071007e+09
1.698955462244071007e+09
1.698955462402168751e+09
1.698955462561260462e+09
1.698955462561260462e+09
1.698955462721663475e+09
1.698955462721663475e+09
1.698955462882251978e+09
1.698955463042252064e+09
1.698955463042252064e+09
1.698955463204413891e+09
1.698955463366403580e+09
1.698955463366403580e+09
1.698955463521759272e+09
1.698955463521759272e+09
1.698955463682175875e+09
1.698955463843773842e+09
1.698955463843773842e+09
1.698955464002215385e+09
1.698955464002215385e+09
1.698955464173115492e+09
1.698955464321219683e+09
1.698955464321219683e+09
1.698955464485619545e+09
1.698955464645442724e+09
1.698955464645442724e+09
1.698955464811138391e+09
1.698955464966277122e+09
1.698955464966277122e+09
1.698955465122693777e+09
1.698955465122693777e+09
1.698955465280600786e+09
1.698955465444398403e+09
1.698955465444398403e+09
1.698955465607989311e+09
1.698955465607989311e+09
1.698955465767957926e+09
1.698955465920733929e+09
1.698955465920733929e+09
1.698955466081746578e+09
1.698955466246814489e+09
1.698955466246814489e+09
1.698955466403028965e+09
1.698955466566330433e+09
1.698955466566330433e+09
1.698955466721697807e+09
1.698955466721697807e+09
1.698955466883525133e+09
1.698955467047259331e+09
1.698955467047259331e+09
1.698955467205123663e+09
1.698955467205123663e+09
1.698955467409341335e+09
1.698955467525650740e+09
1.698955467525650740e+09
1.698955467683467865e+09
1.698955467846793890e+09
1.698955467846793890e+09
1.698955468003832579e+09
1.698955468163351774e+09
1.698955468163351774e+09
1.698955468324857712e+09
1.698955468324857712e+09
1.698955468483820677e+09
1.698955468647151470e+09
1.698955468647151470e+09
1.698955468802670002e+09
1.698955468802670002e+09
1.698955468997371912e+09
1.698955469119530678e+09
1.698955469260812044e+09
1.698955469260812044e+09
1.698955469260812044e+09
1.698955469260812044e+09
1.698955469600798130e+09
1.698955469767329693e+09
1.698955469767329693e+09
1.698955469921543360e+09
1.698955469921543360e+09
1.698955470084776878e+09
1.698955470244424105e+09
1.698955470244424105e+09
1.698955470403626919e+09
1.698955470565706968e+09
1.698955470565706968e+09
1.698955470722774506e+09
1.698955470722774506e+09
1.698955470885890007e+09
1.698955471042065620e+09
1.698955471042065620e+09
1.698955471203138113e+09
1.698955471361791849e+09
1.698955471361791849e+09
1.698955471522813797e+09
1.698955471522813797e+09
1.698955471684631824e+09
1.698955471840880871e+09
1.698955471840880871e+09
1.698955472002365589e+09
1.698955472158766985e+09
1.698955472158766985e+09
1.698955472321319818e+09
1.698955472321319818e+09
1.698955472486220121e+09
1.698955472645098686e+09
1.698955472645098686e+09
1.698955472801987410e+09
1.698955472965297222e+09
1.698955472965297222e+09
1.698955473121037006e+09
1.698955473121037006e+09
1.698955473285422564e+09
1.698955473440342903e+09
1.698955473440342903e+09
1.698955473601109266e+09
1.698955473764225483e+09
1.698955473764225483e+09
1.698955473923093081e+09
1.698955473923093081e+09
1.698955474089349031e+09
1.698955474240475655e+09
1.698955474240475655e+09
1.698955474402411461e+09
1.698955474566103220e+09
1.698955474566103220e+09
1.698955474720731497e+09
1.698955474720731497e+09
1.698955474884178638e+09
1.698955475042279720e+09
1.698955475042279720e+09
1.698955475202185392e+09
1.698955475365808725e+09
1.698955475365808725e+09
1.698955475524036407e+09
1.698955475524036407e+09
1.698955475685593128e+09
1.698955475840055943e+09
1.698955475840055943e+09
1.698955476002250433e+09
1.698955476002250433e+09
1.698955476175120831e+09
1.698955476321400881e+09
1.698955476321400881e+09
1.698955476480186462e+09
1.698955476642406702e+09
1.698955476642406702e+09
1.698955476804649591e+09
1.698955476804649591e+09
1.698955476967875004e+09
1.698955477122307062e+09
1.698955477205256462e+09
1.698955477205256462e+09
1.698955477440305710e+09
1.698955477440305710e+09
1.698955477604888439e+09
1.698955477604888439e+09
1.698955477767782450e+09
1.698955477922782660e+09
1.698955477922782660e+09
1.698955478092343569e+09
1.698955478242256880e+09
1.698955478242256880e+09
1.698955478398874998e+09
1.698955478398874998e+09
1.698955478567680120e+09
1.698955478723904133e+09
1.698955478723904133e+09
1.698955478882344246e+09
1.698955479042898178e+09
1.698955479042898178e+09
1.698955479203609705e+09
1.698955479203609705e+09
1.698955479368108034e+09
1.698955479520988464e+09
1.698955479520988464e+09
1.698955479684001207e+09
1.698955479841428757e+09
1.698955479841428757e+09
1.698955480009197235e+09
1.698955480167307615e+09
1.698955480167307615e+09
1.698955480322626352e+09
1.698955480322626352e+09
1.698955480482305050e+09
1.698955480645051718e+09
1.698955480645051718e+09
1.698955480805457592e+09
1.698955480962535620e+09
1.698955480962535620e+09
1.698955481120983839e+09
1.698955481120983839e+09
1.698955481283811808e+09
1.698955481441319704e+09
1.698955481441319704e+09
1.698955481607315540e+09
1.698955481762307167e+09
1.698955481762307167e+09
1.698955481920943022e+09
1.698955481920943022e+09
1.698955482081860781e+09
1.698955482244749069e+09
1.698955482244749069e+09
1.698955482407956123e+09
1.698955482561877251e+09
1.698955482561877251e+09
1.698955482723599434e+09
1.698955482723599434e+09
1.698955482880439520e+09
1.698955483043077946e+09
1.698955483043077946e+09
1.698955483206732988e+09
1.698955483258703709e+09
1.698955483258703709e+09
1.698955483258703709e+09
1.698955483258703709e+09
1.698955483686704636e+09
1.698955483840752363e+09
1.698955483840752363e+09
1.698955484005176306e+09
1.698955484161503792e+09
1.698955484161503792e+09
1.698955484320245266e+09
1.698955484320245266e+09
1.698955484485042334e+09
1.698955484639891863e+09
1.698955484639891863e+09
1.698955484808562279e+09
1.698955484960507870e+09
1.698955484960507870e+09
1.698955485121529818e+09
1.698955485121529818e+09
1.698955485284414053e+09
1.698955485442628145e+09
1.698955485442628145e+09
1.698955485607551813e+09
1.698955485760674238e+09
1.698955485760674238e+09
1.698955485916947126e+09
1.698955485916947126e+09
1.698955486087183714e+09
1.698955486242987633e+09
1.698955486242987633e+09
1.698955486408053160e+09
1.698955486563495159e+09
1.698955486563495159e+09
1.698955486720726013e+09
1.698955486720726013e+09
1.698955486886490107e+09
1.698955487041399956e+09
1.698955487041399956e+09
1.698955487204848766e+09
1.698955487363450050e+09
1.698955487363450050e+09
1.698955487523402691e+09
1.698955487523402691e+09
1.698955487685384035e+09
1.698955487840507984e+09
1.698955487840507984e+09
1.698955488003370762e+09
1.698955488161250114e+09
1.698955488161250114e+09
1.698955488323790789e+09
1.698955488323790789e+09
1.698955488488355160e+09
1.698955488643035889e+09
1.698955488643035889e+09
1.698955488802406549e+09
1.698955488960906982e+09
1.698955488960906982e+09
1.698955489124704838e+09
1.698955489124704838e+09
1.698955489289832830e+09
1.698955489442400217e+09
1.698955489442400217e+09
1.698955489604514837e+09
1.698955489761192799e+09
1.698955489761192799e+09
1.698955489923887968e+09
1.698955489923887968e+09
1.698955490088756800e+09
1.698955490240169048e+09
1.698955490240169048e+09
1.698955490402314901e+09
1.698955490563566923e+09
1.698955490563566923e+09
1.698955490725686789e+09
1.698955490725686789e+09
1.698955490883098364e+09
1.698955491043843269e+09
1.698955491043843269e+09
1.698955491204972982e+09
1.698955491363747597e+09
1.698955491363747597e+09
1.698955491525308609e+09
1.698955491525308609e+09
1.698955491682228327e+09
1.698955491842250109e+09
1.698955491842250109e+09
1.698955492004325151e+09
1.698955492163805246e+09
1.698955492163805246e+09
1.698955492324485064e+09
1.698955492324485064e+09
1.698955492481247187e+09
1.698955492642290354e+09
1.698955492642290354e+09
1.698955492805526257e+09
1.698955492963619709e+09
1.698955492963619709e+09
1.698955493124753475e+09
1.698955493124753475e+09
1.698955493282594442e+09
1.698955493441529751e+09
1.698955493441529751e+09
1.698955493608420610e+09
1.698955493762429476e+09
1.698955493762429476e+09
1.698955493926095724e+09
1.698955493926095724e+09
1.698955494082519770e+09
1.698955494242269278e+09
1.698955494242269278e+09
1.698955494405473709e+09
1.698955494562188625e+09
1.698955494562188625e+09
1.698955494722391605e+09
1.698955494722391605e+09
1.698955494883670568e+09
1.698955495032372713e+09
1.698955495032372713e+09
1.698955495205719948e+09
1.698955495336964130e+09
1.698955495336964130e+09
1.698955495336964130e+09
1.698955495336964130e+09
1.698955495681432486e+09
1.698955495841886520e+09
1.698955495841886520e+09
1.698955496008953094e+09
1.698955496159741402e+09
1.698955496159741402e+09
1.698955496326127768e+09
1.698955496326127768e+09
1.698955496483397484e+09
1.698955496641226530e+09
1.698955496641226530e+09
1.698955496809727669e+09
1.698955496962882280e+09
1.698955496962882280e+09
1.698955497124940395e+09
1.698955497124940395e+09
1.698955497281948328e+09
1.698955497443560839e+09
1.698955497443560839e+09
1.698955497610453367e+09
1.698955497760437727e+09
1.698955497760437727e+09
1.698955497921046734e+09
1.698955497921046734e+09
1.698955498082933903e+09
1.698955498241983891e+09
1.698955498241983891e+09
1.698955498408943415e+09
1.698955498562860489e+09
1.698955498562860489e+09
1.698955498720104218e+09
1.698955498720104218e+09
1.698955498882479191e+09
1.698955499040297508e+09
1.698955499040297508e+09
1.698955499207785130e+09
1.698955499360690117e+09
1.698955499360690117e+09
1.698955499523294210e+09
1.698955499642790556e+09
1.698955499642790556e+09
1.698955499844375849e+09
1.698955499844375849e+09
1.698955500002501011e+09
1.698955500161162376e+09
1.698955500161162376e+09
1.698955500327658415e+09
1.698955500327658415e+09
1.698955500482003689e+09
1.698955500646274805e+09
1.698955500646274805e+09
1.698955500801134825e+09
1.698955500801134825e+09
1.698955500969591379e+09
1.698955500969591379e+09
1.698955501246730566e+09
1.698955501246730566e+09
1.698955501445152998e+09
1.698955501445152998e+09
1.698955501604803085e+09
1.698955501760372877e+09
1.698955501760372877e+09
1.698955501922271490e+09
1.698955501922271490e+09
1.698955502080465317e+09
1.698955502244685888e+09
1.698955502401926517e+09
1.698955502421050787e+09
1.698955502421050787e+09
1.698955502421050787e+09
1.698955502421050787e+09
1.698955502421050787e+09
1.698955502421050787e+09
1.698955502421050787e+09
1.698955502421050787e+09
1.698955502421050787e+09
1.698955502421050787e+09
1.698955502421050787e+09
1.698955502421050787e+09
1.698955502421050787e+09
1.698955503680681705e+09
1.698955503844006062e+09
1.698955503844006062e+09
1.698955504001018524e+09
1.698955504001018524e+09
1.698955504170486450e+09
1.698955504327647448e+09
1.698955504426149607e+09
1.698955504426149607e+09
1.698955504646118641e+09
1.698955504646118641e+09
1.698955504802136183e+09
1.698955504963770390e+09
1.698955504963770390e+09
1.698955505127592802e+09
1.698955505127592802e+09
1.698955505281068325e+09
1.698955505447395802e+09
1.698955505447395802e+09
1.698955505604893208e+09
1.698955505765177727e+09
1.698955505765177727e+09
1.698955505924694777e+09
1.698955506027243376e+09
1.698955506027243376e+09
1.698955506246601105e+09
1.698955506246601105e+09
1.698955506403410196e+09
1.698955506562997341e+09
1.698955506562997341e+09
1.698955506725921154e+09
1.698955506770469189e+09
1.698955506770469189e+09
1.698955506770469189e+09
1.698955506770469189e+09
1.698955507205181599e+09
1.698955507205181599e+09
1.698955507384405851e+09
1.698955507525106430e+09
1.698955507633649588e+09
1.698955507633649588e+09
1.698955507846704483e+09
1.698955507846704483e+09
1.698955508001567364e+09
1.698955508164980412e+09
1.698955508164980412e+09
1.698955508323706627e+09
1.698955508323706627e+09
1.698955508483928204e+09
1.698955508643256187e+09
1.698955508643256187e+09
1.698955508804230452e+09
1.698955508963611126e+09
1.698955508963611126e+09
1.698955509128043413e+09
1.698955509234791517e+09
1.698955509234791517e+09
1.698955509440200567e+09
1.698955509440200567e+09
1.698955509601623058e+09
1.698955509764708519e+09
1.698955509764708519e+09
1.698955509926962852e+09
1.698955509926962852e+09
1.698955510081853151e+09
1.698955510236877918e+09
1.698955510236877918e+09
1.698955510427275896e+09
1.698955510541624069e+09
1.698955510541624069e+09
1.698955510541624069e+09
1.698955510833898783e+09
1.698955510833898783e+09
1.698955511045743465e+09
1.698955511045743465e+09
1.698955511213740826e+09
1.698955511361254930e+09
1.698955511361254930e+09
1.698955511524773598e+09
