1.699989879385060787e+09
1.699989879410866737e+09
1.699989879426898479e+09
1.699989879442858696e+09
1.699989879468892574e+09
1.699989879484878302e+09
1.699989879510780096e+09
1.699989879526806116e+09
1.699989879542774439e+09
1.699989879568774223e+09
1.699989879584822893e+09
1.699989879610729694e+09
1.699989879626757860e+09
1.699989879642728806e+09
1.699989879668734074e+09
1.699989879684728622e+09
1.699989879710657358e+09
1.699989879726620913e+09
1.699989879742637634e+09
1.699989879768671274e+09
1.699989879784658909e+09
1.699989879810559511e+09
1.699989879826579094e+09
1.699989879842581749e+09
1.699989879869525671e+09
1.699989879885525942e+09
1.699989879911448956e+09
1.699989879927471638e+09
1.699989879943447590e+09
1.699989879969439983e+09
1.699989879985510826e+09
1.699989880011395454e+09
1.699989880027395725e+09
1.699989880043363094e+09
1.699989880069364548e+09
1.699989880085396528e+09
1.699989880111284256e+09
1.699989880127307415e+09
1.699989880143321514e+09
1.699989880169281721e+09
1.699989880185272455e+09
1.699989880211235523e+09
1.699989880227208853e+09
1.699989880243223190e+09
1.699989880269233704e+09
1.699989880285225630e+09
1.699989880311203003e+09
1.699989880327193022e+09
1.699989880343171120e+09
1.699989880369159698e+09
1.699989880385133505e+09
1.699989880411046028e+09
1.699989880427069664e+09
1.699989880443090200e+09
1.699989880469007969e+09
1.699989880485015154e+09
1.699989880510919809e+09
1.699989880526945114e+09
1.699989880542948961e+09
1.699989880568886757e+09
1.699989880584928274e+09
1.699989880610894680e+09
1.699989880626887798e+09
1.699989880642852545e+09
1.699989880668929100e+09
1.699989880684862375e+09
1.699989880710776567e+09
1.699989880726798534e+09
1.699989880742794275e+09
1.699989880768818378e+09
1.699989880784764528e+09
1.699989880810688734e+09
1.699989880826727867e+09
1.699989880842696428e+09
1.699989880868782520e+09
1.699989880884773016e+09
1.699989880910665512e+09
1.699989880926670074e+09
1.699989880942668676e+09
1.699989880968711853e+09
1.699989880984668016e+09
1.699989881010600805e+09
1.699989881026638746e+09
1.699989881042577744e+09
1.699989881069632053e+09
1.699989881085576057e+09
1.699989881112556696e+09
1.699989881128599882e+09
1.699989881144532442e+09
1.699989881170570850e+09
1.699989881186669827e+09
1.699989881202604771e+09
1.699989881229506016e+09
1.699989881245437145e+09
1.699989881271428347e+09
1.699989881287507057e+09
1.699989881303536654e+09
1.699989881329403639e+09
1.699989881345335722e+09
1.699989881371302843e+09
1.699989881387332439e+09
1.699989881403403282e+09
1.699989881429309607e+09
1.699989881445281506e+09
1.699989881471251726e+09
1.699989881471251726e+09
1.699989881471251726e+09
1.699989881471251726e+09
1.699989881558633804e+09
1.699989881561872005e+09
1.699989881586275101e+09
1.699989881602248430e+09
1.699989881629213095e+09
1.699989881645155430e+09
1.699989881671106577e+09
1.699989881687180996e+09
1.699989881703064442e+09
1.699989881729099751e+09
1.699989881745007753e+09
1.699989881771166086e+09
1.699989881787091732e+09
1.699989881803035736e+09
1.699989881829041481e+09
1.699989881844994783e+09
1.699989881871019602e+09
1.699989881886952639e+09
1.699989881902967691e+09
1.699989881928907871e+09
1.699989881944901228e+09
1.699989881970874548e+09
1.699989881986922979e+09
1.699989882002844572e+09
1.699989882028798103e+09
1.699989882044793367e+09
1.699989882070764780e+09
1.699989882086766243e+09
1.699989882102828979e+09
1.699989882128752947e+09
1.699989882144699574e+09
1.699989882170674324e+09
1.699989882186707973e+09
1.699989882202759743e+09
1.699989882228688955e+09
1.699989882244667292e+09
1.699989882270673752e+09
1.699989882286721706e+09
1.699989882302695274e+09
1.699989882328611374e+09
1.699989882344528675e+09
1.699989882371626377e+09
1.699989882387606382e+09
1.699989882403614521e+09
1.699989882429555416e+09
1.699989882445525169e+09
1.699989882471444130e+09
1.699989882487443447e+09
1.699989882503501415e+09
1.699989882529438972e+09
1.699989882545401573e+09
1.699989882571404696e+09
1.699989882587501526e+09
1.699989882603446960e+09
1.699989882629353523e+09
1.699989882645330191e+09
1.699989882671349525e+09
1.699989882687367439e+09
1.699989882703316212e+09
1.699989882729323149e+09
1.699989882745260715e+09
1.699989882771251202e+09
1.699989882787280321e+09
1.699989882803336382e+09
1.699989882829193115e+09
1.699989882845196962e+09
1.699989882871221066e+09
1.699989882887218714e+09
1.699989882903202772e+09
1.699989882929144621e+09
1.699989882945075989e+09
1.699989882971146584e+09
1.699989882987177134e+09
1.699989883003241301e+09
1.699989883029067993e+09
1.699989883045021057e+09
1.699989883071036577e+09
1.699989883087043524e+09
1.699989883103133678e+09
1.699989883128999949e+09
1.699989883144943476e+09
1.699989883170952559e+09
1.699989883186981440e+09
1.699989883203014374e+09
1.699989883228899002e+09
1.699989883244811296e+09
1.699989883270834446e+09
1.699989883286849976e+09
1.699989883302814960e+09
1.699989883328757524e+09
1.699989883344797134e+09
1.699989883370799541e+09
1.699989883386763573e+09
1.699989883402755737e+09
1.699989883428682566e+09
1.699989883444698334e+09
1.699989883470678568e+09
1.699989883486724138e+09
1.699989883502741575e+09
1.699989883528705597e+09
1.699989883544702053e+09
1.699989883570655584e+09
1.699989883586729527e+09
1.699989883602664948e+09
1.699989883628601551e+09
1.699989883644525528e+09
1.699989883671555996e+09
1.699989883687589645e+09
1.699989883703624725e+09
1.699989883729482651e+09
1.699989883745557070e+09
1.699989883771484137e+09
1.699989883787466049e+09
1.699989883803517580e+09
1.699989883829425812e+09
1.699989883845377684e+09
1.699989883871407270e+09
1.699989883887459278e+09
1.699989883903488398e+09
1.699989883929332495e+09
1.699989883945343494e+09
1.699989883971300364e+09
1.699989883987373829e+09
1.699989884003326178e+09
1.699989884029234648e+09
1.699989884045287609e+09
1.699989884071241379e+09
1.699989884087233543e+09
1.699989884103238821e+09
1.699989884129219294e+09
1.699989884145125151e+09
1.699989884171110153e+09
1.699989884187148571e+09
1.699989884203180313e+09
1.699989884229089737e+09
1.699989884245100498e+09
1.699989884271090031e+09
1.699989884287115335e+09
1.699989884303092241e+09
1.699989884329038620e+09
1.699989884344994307e+09
1.699989884370988131e+09
1.699989884387025595e+09
1.699989884402998447e+09
1.699989884428920984e+09
1.699989884444930315e+09
1.699989884470929146e+09
1.699989884486908913e+09
1.699989884502899647e+09
1.699989884528865337e+09
1.699989884544832706e+09
1.699989884570837975e+09
1.699989884586858749e+09
1.699989884602870941e+09
1.699989884628833055e+09
1.699989884644768476e+09
1.699989884670774698e+09
1.699989884686808586e+09
1.699989884702774763e+09
1.699989884728732347e+09
1.699989884744720459e+09
1.699989884770680189e+09
1.699989884786699295e+09
1.699989884802733421e+09
1.699989884828667879e+09
1.699989884844643593e+09
1.699989884870664358e+09
1.699989884886670589e+09
1.699989884902647018e+09
1.699989884928555727e+09
1.699989884944558620e+09
1.699989884970523834e+09
1.699989884986554623e+09
1.699989885002571106e+09
1.699989885029543161e+09
1.699989885045475006e+09
1.699989885071500540e+09
1.699989885087539673e+09
1.699989885103572369e+09
1.699989885129412174e+09
1.699989885145386696e+09
1.699989885171456575e+09
1.699989885187449932e+09
1.699989885203510523e+09
1.699989885229354382e+09
1.699989885245360851e+09
1.699989885271325350e+09
1.699989885287337303e+09
1.699989885303391218e+09
1.699989885329250097e+09
1.699989885345241070e+09
1.699989885371264458e+09
1.699989885387248516e+09
1.699989885403236389e+09
1.699989885429204941e+09
1.699989885445177555e+09
1.699989885471144915e+09
1.699989885487278938e+09
1.699989885503176212e+09
1.699989885529095650e+09
1.699989885545134544e+09
1.699989885571082115e+09
1.699989885587080240e+09
1.699989885603080750e+09
1.699989885629030704e+09
1.699989885645042419e+09
1.699989885671026230e+09
1.699989885687006712e+09
1.699989885703047752e+09
1.699989885728969336e+09
1.699989885744947195e+09
1.699989885770969868e+09
1.699989885786965370e+09
1.699989885802968264e+09
1.699989885828877687e+09
1.699989885844906569e+09
1.699989885870844126e+09
1.699989885886856794e+09
1.699989885902956724e+09
1.699989885928795338e+09
1.699989885944802999e+09
1.699989885970742941e+09
1.699989885986786127e+09
1.699989886002787113e+09
1.699989886028697252e+09
1.699989886044715643e+09
1.699989886070767879e+09
1.699989886086694241e+09
1.699989886102806091e+09
1.699989886128630161e+09
1.699989886144597769e+09
1.699989886170637369e+09
1.699989886186665297e+09
1.699989886202646971e+09
1.699989886228564739e+09
1.699989886244544983e+09
1.699989886270557642e+09
1.699989886286515474e+09
1.699989886302607298e+09
1.699989886329523563e+09
1.699989886345520258e+09
1.699989886371500254e+09
1.699989886387538671e+09
1.699989886403535843e+09
1.699989886429383516e+09
1.699989886445386171e+09
1.699989886471387625e+09
1.699989886471387625e+09
1.699989886471387625e+09
1.699989886471387625e+09
1.699989886558701754e+09
1.699989886563074350e+09
1.699989886586330891e+09
1.699989886602343559e+09
1.699989886629247904e+09
1.699989886645235300e+09
1.699989886671235800e+09
1.699989886687234163e+09
1.699989886703342676e+09
1.699989886729162693e+09
1.699989886745147705e+09
1.699989886771173239e+09
1.699989886787175655e+09
1.699989886803133011e+09
1.699989886829098463e+09
1.699989886845088959e+09
1.699989886871112347e+09
1.699989886887099981e+09
1.699989886903082848e+09
1.699989886929005861e+09
1.699989886945035458e+09
1.699989886970960379e+09
1.699989886986992598e+09
1.699989887002966166e+09
1.699989887028929710e+09
1.699989887044910192e+09
1.699989887070967674e+09
1.699989887086915016e+09
1.699989887102918386e+09
1.699989887128871202e+09
1.699989887144892454e+09
1.699989887170845747e+09
1.699989887186888933e+09
1.699989887202891827e+09
1.699989887228844166e+09
1.699989887244771004e+09
1.699989887270786285e+09
1.699989887286795616e+09
1.699989887302794695e+09
1.699989887328736544e+09
1.699989887344714403e+09
1.699989887370741367e+09
1.699989887386770725e+09
1.699989887402736187e+09
1.699989887428639174e+09
1.699989887444669008e+09
1.699989887470610857e+09
1.699989887486647606e+09
1.699989887502752304e+09
1.699989887528553963e+09
1.699989887544538498e+09
1.699989887570554972e+09
1.699989887586571455e+09
1.699989887602657795e+09
1.699989887629458427e+09
1.699989887645466566e+09
1.699989887671461821e+09
1.699989887687505484e+09
1.699989887703438282e+09
1.699989887729349136e+09
1.699989887745340109e+09
1.699989887771340609e+09
1.699989887787354708e+09
1.699989887803501844e+09
1.699989887829247952e+09
1.699989887845223188e+09
1.699989887871316433e+09
1.699989887887273788e+09
1.699989887903246880e+09
1.699989887929141283e+09
1.699989887945194006e+09
1.699989887971135616e+09
1.699989887987205505e+09
1.699989888003121138e+09
1.699989888029078484e+09
1.699989888045063972e+09
1.699989888071045399e+09
1.699989888087049007e+09
1.699989888103031158e+09
1.699989888128990889e+09
1.699989888144998789e+09
1.699989888170974970e+09
1.699989888187001467e+09
1.699989888202975035e+09
1.699989888228899956e+09
1.699989888244921446e+09
1.699989888270898819e+09
1.699989888286877155e+09
1.699989888302955389e+09
1.699989888328828812e+09
1.699989888344803095e+09
1.699989888370831013e+09
1.699989888386823416e+09
1.699989888402836323e+09
1.699989888428761482e+09
1.699989888444730759e+09
1.699989888470694542e+09
1.699989888486705303e+09
1.699989888502692938e+09
1.699989888528671503e+09
1.699989888544680834e+09
1.699989888570735216e+09
1.699989888586731195e+09
1.699989888602715492e+09
1.699989888628611326e+09
1.699989888644619703e+09
1.699989888670591593e+09
1.699989888686586142e+09
1.699989888702593803e+09
1.699989888728536606e+09
1.699989888744551420e+09
1.699989888770491600e+09
1.699989888786508083e+09
1.699989888802529335e+09
1.699989888829441071e+09
1.699989888845442057e+09
1.699989888871506691e+09
1.699989888887476206e+09
1.699989888903518677e+09
1.699989888929309607e+09
1.699989888945325136e+09
1.699989888971317291e+09
1.699989888987308025e+09
1.699989889003300190e+09
1.699989889029238462e+09
1.699989889045263290e+09
1.699989889071254492e+09
1.699989889087286949e+09
1.699989889103212595e+09
1.699989889129133940e+09
1.699989889145161629e+09
1.699989889171149969e+09
1.699989889187210560e+09
1.699989889203192234e+09
1.699989889229087830e+09
1.699989889245085955e+09
1.699989889271049738e+09
1.699989889287073612e+09
1.699989889303025007e+09
1.699989889329026461e+09
1.699989889345028639e+09
1.699989889371013641e+09
1.699989889387010336e+09
1.699989889402996302e+09
1.699989889428939581e+09
1.699989889444962263e+09
1.699989889470941782e+09
1.699989889486950874e+09
1.699989889502955198e+09
1.699989889528856277e+09
1.699989889544793844e+09
1.699989889570869684e+09
1.699989889586809874e+09
1.699989889602840424e+09
1.699989889628729820e+09
1.699989889644731045e+09
1.699989889670698881e+09
1.699989889686763048e+09
1.699989889702721596e+09
1.699989889728661537e+09
1.699989889744660616e+09
1.699989889770695925e+09
1.699989889786692142e+09
1.699989889802693367e+09
1.699989889828605890e+09
1.699989889844581842e+09
1.699989889870569229e+09
1.699989889886548281e+09
1.699989889902573586e+09
1.699989889929490805e+09
1.699989889945526361e+09
1.699989889971488237e+09
1.699989889987495661e+09
1.699989890003511906e+09
1.699989890029456139e+09
1.699989890045446634e+09
1.699989890071347237e+09
1.699989890087332726e+09
1.699989890103346586e+09
1.699989890129289150e+09
1.699989890145256519e+09
1.699989890171248913e+09
1.699989890187310696e+09
1.699989890203292370e+09
1.699989890229155540e+09
1.699989890245202541e+09
1.699989890271147728e+09
1.699989890287199736e+09
1.699989890303161621e+09
1.699989890329038620e+09
1.699989890345101118e+09
1.699989890371052027e+09
1.699989890387133598e+09
1.699989890403078079e+09
1.699989890429024220e+09
1.699989890444990396e+09
1.699989890470964670e+09
1.699989890486989260e+09
1.699989890502984285e+09
1.699989890528898954e+09
1.699989890544897079e+09
1.699989890570830107e+09
1.699989890586811781e+09
1.699989890602856874e+09
1.699989890628743172e+09
1.699989890644794226e+09
1.699989890670797586e+09
1.699989890686753750e+09
1.699989890702787161e+09
1.699989890728652000e+09
1.699989890728652000e+09
1.699989890770703554e+09
1.699989890786688805e+09
1.699989890802678585e+09
1.699989890828642845e+09
1.699989890844637871e+09
1.699989890870545864e+09
1.699989890886574745e+09
1.699989890902590036e+09
1.699989890928544521e+09
1.699989890944557428e+09
1.699989890970532656e+09
1.699989890986592531e+09
1.699989891002652168e+09
1.699989891029498816e+09
1.699989891045420170e+09
1.699989891071499586e+09
1.699989891087455034e+09
1.699989891103458166e+09
1.699989891129427671e+09
1.699989891145376444e+09
1.699989891171406269e+09
1.699989891187432051e+09
1.699989891203427076e+09
1.699989891229374647e+09
1.699989891245357275e+09
1.699989891271303177e+09
1.699989891287339687e+09
1.699989891303347349e+09
1.699989891329359770e+09
1.699989891345252752e+09
1.699989891371262312e+09
1.699989891387283564e+09
1.699989891403222799e+09
1.699989891429237843e+09
1.699989891445312023e+09
1.699989891471185207e+09
1.699989891471185207e+09
1.699989891471185207e+09
1.699989891471185207e+09
1.699989891558438063e+09
1.699989891561006069e+09
1.699989891586101770e+09
1.699989891602126122e+09
1.699989891629170656e+09
1.699989891645010471e+09
1.699989891671104193e+09
1.699989891687071085e+09
1.699989891703059196e+09
1.699989891729009867e+09
1.699989891744976997e+09
1.699989891770954370e+09
1.699989891787009478e+09
1.699989891802955627e+09
1.699989891828967094e+09
1.699989891844879866e+09
1.699989891870914936e+09
1.699989891886861324e+09
1.699989891902889252e+09
1.699989891928822756e+09
1.699989891944843531e+09
1.699989891970834970e+09
1.699989891986793280e+09
1.699989892002828121e+09
1.699989892028706789e+09
1.699989892044763565e+09
1.699989892070705652e+09
1.699989892086763620e+09
1.699989892102726460e+09
1.699989892128654718e+09
1.699989892144668102e+09
1.699989892170608044e+09
1.699989892186597109e+09
1.699989892202638626e+09
1.699989892228859901e+09
1.699989892244591713e+09
1.699989892270550728e+09
1.699989892286612749e+09
1.699989892302562714e+09
1.699989892328520060e+09
1.699989892344458818e+09
1.699989892370536566e+09
1.699989892386529922e+09
1.699989892402540922e+09
1.699989892429464817e+09
1.699989892445433855e+09
1.699989892471439123e+09
1.699989892487381935e+09
1.699989892503439188e+09
1.699989892529477596e+09
1.699989892545390129e+09
1.699989892571392059e+09
1.699989892587380648e+09
1.699989892603414297e+09
1.699989892629409552e+09
1.699989892645396233e+09
1.699989892671316385e+09
1.699989892687318325e+09
1.699989892703255653e+09
1.699989892729235649e+09
1.699989892745241880e+09
1.699989892771254539e+09
1.699989892787208796e+09
1.699989892803183794e+09
1.699989892829228640e+09
1.699989892845115423e+09
1.699989892871115923e+09
1.699989892887180805e+09
1.699989892903133154e+09
1.699989892929146767e+09
1.699989892945107460e+09
1.699989892971052885e+09
1.699989892987048388e+09
1.699989893003085136e+09
1.699989893029013157e+09
1.699989893044984102e+09
1.699989893070961714e+09
1.699989893086979151e+09
1.699989893102959156e+09
1.699989893129051447e+09
1.699989893144880772e+09
1.699989893170896053e+09
1.699989893186901331e+09
1.699989893203052759e+09
1.699989893228999376e+09
1.699989893244789124e+09
1.699989893270762682e+09
1.699989893286736488e+09
1.699989893302824974e+09
1.699989893328707933e+09
1.699989893344671249e+09
1.699989893370679855e+09
1.699989893386640787e+09
1.699989893402657270e+09
1.699989893428788424e+09
1.699989893444638491e+09
1.699989893470601559e+09
1.699989893486608982e+09
1.699989893502644539e+09
1.699989893528636217e+09
1.699989893544553041e+09
1.699989893570570230e+09
1.699989893586596251e+09
1.699989893602561712e+09
1.699989893628641605e+09
1.699989893644491196e+09
1.699989893670498133e+09
1.699989893686495543e+09
1.699989893702511311e+09
1.699989893728572845e+09
1.699989893744415283e+09
1.699989893770491362e+09
1.699989893786431074e+09
1.699989893802514553e+09
1.699989893829420090e+09
1.699989893845370293e+09
1.699989893871443748e+09
1.699989893887401581e+09
1.699989893903421402e+09
1.699989893929306269e+09
1.699989893945362091e+09
1.699989893972291708e+09
1.699989893988308191e+09
1.699989894004309177e+09
1.699989894030270100e+09
1.699989894046188593e+09
1.699989894062263250e+09
1.699989894089223623e+09
1.699989894105228424e+09
1.699989894131117582e+09
1.699989894147099257e+09
1.699989894163119555e+09
1.699989894189063787e+09
1.699989894205140591e+09
1.699989894231038094e+09
1.699989894247045279e+09
1.699989894262990475e+09
1.699989894289003849e+09
1.699989894304991484e+09
1.699989894330925703e+09
1.699989894346904516e+09
1.699989894362935781e+09
1.699989894388942957e+09
1.699989894404908180e+09
1.699989894430881977e+09
1.699989894446855545e+09
1.699989894462848425e+09
1.699989894488897324e+09
1.699989894504905224e+09
1.699989894530883789e+09
1.699989894546791553e+09
1.699989894562764406e+09
1.699989894588788271e+09
1.699989894604770422e+09
1.699989894630825996e+09
1.699989894646680117e+09
1.699989894662708521e+09
1.699989894688744068e+09
1.699989894704695225e+09
1.699989894730620384e+09
1.699989894746593237e+09
1.699989894762563705e+09
1.699989894788608789e+09
1.699989894804599524e+09
1.699989894830596924e+09
1.699989894846491814e+09
1.699989894862505436e+09
1.699989894888476849e+09
1.699989894904504061e+09
1.699989894930474997e+09
1.699989894946459532e+09
1.699989894962372541e+09
1.699989894989437819e+09
1.699989895005396843e+09
1.699989895032379866e+09
1.699989895048352003e+09
1.699989895064354658e+09
1.699989895090391159e+09
1.699989895106380224e+09
1.699989895122313499e+09
1.699989895149232864e+09
1.699989895165192604e+09
1.699989895191220760e+09
1.699989895207250357e+09
1.699989895223233461e+09
1.699989895249158621e+09
1.699989895265130758e+09
1.699989895291199684e+09
1.699989895307140112e+09
1.699989895323138237e+09
1.699989895349077463e+09
1.699989895365058184e+09
1.699989895391098261e+09
1.699989895407048225e+09
1.699989895423070192e+09
1.699989895449103832e+09
1.699989895465051889e+09
1.699989895492021084e+09
1.699989895508008957e+09
1.699989895523936033e+09
1.699989895549935341e+09
1.699989895565896988e+09
1.699989895591840506e+09
1.699989895607886791e+09
1.699989895623856306e+09
1.699989895649864912e+09
1.699989895665829182e+09
1.699989895691843510e+09
1.699989895707870007e+09
1.699989895723858595e+09
1.699989895749775171e+09
1.699989895765762806e+09
1.699989895791831732e+09
1.699989895807787895e+09
1.699989895823775530e+09
1.699989895849699974e+09
1.699989895865724802e+09
1.699989895891808987e+09
1.699989895907696247e+09
1.699989895923701286e+09
1.699989895949625254e+09
1.699989895965654373e+09
1.699989895991615772e+09
1.699989896007667542e+09
1.699989896023629665e+09
1.699989896049542904e+09
1.699989896065578222e+09
1.699989896091609001e+09
1.699989896107647657e+09
1.699989896123537779e+09
1.699989896149499655e+09
1.699989896165513039e+09
1.699989896191468954e+09
1.699989896207487822e+09
1.699989896223461151e+09
1.699989896249414206e+09
1.699989896265406370e+09
1.699989896291446209e+09
1.699989896307452679e+09
1.699989896323390961e+09
1.699989896349333048e+09
1.699989896365339756e+09
1.699989896391379595e+09
1.699989896407336235e+09
1.699989896423335552e+09
1.699989896449332952e+09
1.699989896465365410e+09
1.699989896465365410e+09
1.699989896465365410e+09
1.699989896465365410e+09
1.699989896552555561e+09
1.699989896554687738e+09
1.699989896591166735e+09
1.699989896607152700e+09
1.699989896623124599e+09
1.699989896649038553e+09
1.699989896665068150e+09
1.699989896691037416e+09
1.699989896707061529e+09
1.699989896723052263e+09
1.699989896748963356e+09
1.699989896764974117e+09
1.699989896790955305e+09
1.699989896806989908e+09
1.699989896822975397e+09
1.699989896848899126e+09
1.699989896864880085e+09
1.699989896890862465e+09
1.699989896906961679e+09
1.699989896922891378e+09
1.699989896948805094e+09
1.699989896964829206e+09
1.699989896990846395e+09
1.699989897006840229e+09
1.699989897022827148e+09
1.699989897048700571e+09
1.699989897064698219e+09
1.699989897090778589e+09
1.699989897106724262e+09
1.699989897122680902e+09
1.699989897148618937e+09
1.699989897164563417e+09
1.699989897190576553e+09
1.699989897206608772e+09
1.699989897222558975e+09
1.699989897248526812e+09
1.699989897264483929e+09
1.699989897290457964e+09
1.699989897306448221e+09
1.699989897322452545e+09
1.699989897349449873e+09
1.699989897365490198e+09
1.699989897391420841e+09
1.699989897407453299e+09
1.699989897423466921e+09
1.699989897449357271e+09
1.699989897465371609e+09
1.699989897491353512e+09
1.699989897507363081e+09
1.699989897523365736e+09
1.699989897549307346e+09
1.699989897565316916e+09
1.699989897591311693e+09
1.699989897607427120e+09
1.699989897623372793e+09
1.699989897649292707e+09
1.699989897665212154e+09
1.699989897691226959e+09
1.699989897707174778e+09
1.699989897723227978e+09
1.699989897749144554e+09
1.699989897765165806e+09
1.699989897791123152e+09
1.699989897807169676e+09
1.699989897823183775e+09
1.699989897849054813e+09
1.699989897865115404e+09
1.699989897891074181e+09
1.699989897907076597e+09
1.699989897923096180e+09
1.699989897949025393e+09
1.699989897965035439e+09
1.699989897991066694e+09
1.699989898007088900e+09
1.699989898022990227e+09
1.699989898048951626e+09
1.699989898064987421e+09
1.699989898090966225e+09
1.699989898107017517e+09
1.699989898122997999e+09
1.699989898148882389e+09
1.699989898164896488e+09
1.699989898190894604e+09
1.699989898206940413e+09
1.699989898222901106e+09
1.699989898248841047e+09
1.699989898264833927e+09
1.699989898290901899e+09
1.699989898306927681e+09
1.699989898322876215e+09
1.699989898348741293e+09
1.699989898364807129e+09
1.699989898390769482e+09
1.699989898406732798e+09
1.699989898422750473e+09
1.699989898448639870e+09
1.699989898464667320e+09
1.699989898491630793e+09
1.699989898507652998e+09
1.699989898523730755e+09
1.699989898549587488e+09
1.699989898565578461e+09
1.699989898591593742e+09
1.699989898607642651e+09
1.699989898623586178e+09
1.699989898649479628e+09
1.699989898665528059e+09
1.699989898691499233e+09
1.699989898707483768e+09
1.699989898723503351e+09
1.699989898749398232e+09
1.699989898765437126e+09
1.699989898791399479e+09
1.699989898807441950e+09
1.699989898823421478e+09
1.699989898849350214e+09
1.699989898865408421e+09
1.699989898891368389e+09
1.699989898907367468e+09
1.699989898923332930e+09
1.699989898949278593e+09
1.699989898965286255e+09
1.699989898991308689e+09
1.699989899007340908e+09
1.699989899023397446e+09
1.699989899049257278e+09
1.699989899065301895e+09
1.699989899091269493e+09
1.699989899107295036e+09
1.699989899123373985e+09
1.699989899149174929e+09
1.699989899165178299e+09
1.699989899191160917e+09
1.699989899207160234e+09
1.699989899223156452e+09
1.699989899249044895e+09
1.699989899265059948e+09
1.699989899291015387e+09
1.699989899307067871e+09
1.699989899323033571e+09
1.699989899348952055e+09
1.699989899365012646e+09
1.699989899390983820e+09
1.699989899407098770e+09
1.699989899423067570e+09
1.699989899448913097e+09
1.699989899464936972e+09
1.699989899490948439e+09
1.699989899506957054e+09
1.699989899522903204e+09
1.699989899548806906e+09
1.699989899564769983e+09
1.699989899590835333e+09
1.699989899606812239e+09
1.699989899622781754e+09
1.699989899648783922e+09
1.699989899664755106e+09
1.699989899690749407e+09
1.699989899706729889e+09
1.699989899722707272e+09
1.699989899748641729e+09
1.699989899764631033e+09
1.699989899790657043e+09
1.699989899806584358e+09
1.699989899822585344e+09
1.699989899848555565e+09
1.699989899864592552e+09
1.699989899890564203e+09
1.699989899906547546e+09
1.699989899922572136e+09
1.699989899948496819e+09
1.699989899964485168e+09
1.699989899990524530e+09
1.699989900021491766e+09
1.699989900022846937e+09
1.699989900049443960e+09
1.699989900065415621e+09
1.699989900091395617e+09
1.699989900107432127e+09
1.699989900123357534e+09
1.699989900149288177e+09
1.699989900165306568e+09
1.699989900191265583e+09
1.699989900207354069e+09
1.699989900223295450e+09
1.699989900249239683e+09
1.699989900265202999e+09
1.699989900291146040e+09
1.699989900307233572e+09
1.699989900323122978e+09
1.699989900349059343e+09
1.699989900365123510e+09
1.699989900391129732e+09
1.699989900407137156e+09
1.699989900423147678e+09
1.699989900449021101e+09
1.699989900465036631e+09
1.699989900490998507e+09
1.699989900507011652e+09
1.699989900523032427e+09
1.699989900549006462e+09
1.699989900564998627e+09
1.699989900590913773e+09
1.699989900606968880e+09
1.699989900623015881e+09
1.699989900648895979e+09
1.699989900664898157e+09
1.699989900691001177e+09
1.699989900706889391e+09
1.699989900722896576e+09
1.699989900748799562e+09
1.699989900764793873e+09
1.699989900790760279e+09
1.699989900806781530e+09
1.699989900822826862e+09
1.699989900848735571e+09
1.699989900864709854e+09
1.699989900890713453e+09
1.699989900906740189e+09
1.699989900922746658e+09
1.699989900948656321e+09
1.699989900964652300e+09
1.699989900990636349e+09
1.699989901006647110e+09
1.699989901022657394e+09
1.699989901048571348e+09
1.699989901064554930e+09
1.699989901090556622e+09
1.699989901106529474e+09
1.699989901122449160e+09
1.699989901148518324e+09
1.699989901164433002e+09
1.699989901190439701e+09
1.699989901206423044e+09
1.699989901222452402e+09
1.699989901249324083e+09
1.699989901265340567e+09
1.699989901291396618e+09
1.699989901307292461e+09
1.699989901323278189e+09
1.699989901349324465e+09
1.699989901365238667e+09
1.699989901391292095e+09
1.699989901407296658e+09
1.699989901423297644e+09
1.699989901449224234e+09
1.699989901465265274e+09
1.699989901465265274e+09
1.699989901465265274e+09
1.699989901465265274e+09
1.699989901552538633e+09
1.699989901554630518e+09
1.699989901591111660e+09
1.699989901607065916e+09
1.699989901623100519e+09
1.699989901649019003e+09
1.699989901665003538e+09
1.699989901691023827e+09
1.699989901707016945e+09
1.699989901723035336e+09
1.699989901748956680e+09
1.699989901764966011e+09
1.699989901790929794e+09
1.699989901806946516e+09
1.699989901822908163e+09
1.699989901848940372e+09
1.699989901864851236e+09
1.699989901890873909e+09
1.699989901906830072e+09
1.699989901922855139e+09
1.699989901948936939e+09
1.699989901964772463e+09
1.699989901990735054e+09
1.699989902006763697e+09
1.699989902022848129e+09
1.699989902048739672e+09
1.699989902064701796e+09
1.699989902090728998e+09
1.699989902106668472e+09
1.699989902122679710e+09
1.699989902148736000e+09
1.699989902164596081e+09
1.699989902190605640e+09
1.699989902206575155e+09
1.699989902222611666e+09
1.699989902248531580e+09
1.699989902264614344e+09
1.699989902290472746e+09
1.699989902306550980e+09
1.699989902322521210e+09
1.699989902348512888e+09
1.699989902364461422e+09
1.699989902390437841e+09
1.699989902406471729e+09
1.699989902422477484e+09
1.699989902449476957e+09
1.699989902465375662e+09
1.699989902491393328e+09
1.699989902507368803e+09
1.699989902523340940e+09
1.699989902549339533e+09
1.699989902565286398e+09
1.699989902591299772e+09
1.699989902607236147e+09
1.699989902623271227e+09
1.699989902649199724e+09
1.699989902665229082e+09
1.699989902691224575e+09
1.699989902707221746e+09
1.699989902723245621e+09
1.699989902750227213e+09
1.699989902766104221e+09
1.699989902782093525e+09
1.699989902809145212e+09
1.699989902825168848e+09
1.699989902851036787e+09
1.699989902867054224e+09
1.699989902883032322e+09
1.699989902909078598e+09
1.699989902925107002e+09
1.699989902951051950e+09
1.699989902966977596e+09
1.699989902982967138e+09
1.699989903009019375e+09
1.699989903025062084e+09
1.699989903050968170e+09
1.699989903067005157e+09
1.699989903082965612e+09
1.699989903108968258e+09
1.699989903124927998e+09
1.699989903150842428e+09
1.699989903166848660e+09
1.699989903182840824e+09
1.699989903208836317e+09
1.699989903224884987e+09
1.699989903251774073e+09
1.699989903267761230e+09
1.699989903283785343e+09
1.699989903309793711e+09
1.699989903325743675e+09
1.699989903351685286e+09
1.699989903367690325e+09
1.699989903383709908e+09
1.699989903409706593e+09
1.699989903425680637e+09
1.699989903451638699e+09
1.699989903467602491e+09
1.699989903483636856e+09
1.699989903509555817e+09
1.699989903525566578e+09
1.699989903551555872e+09
1.699989903567556620e+09
1.699989903583543062e+09
1.699989903609508038e+09
1.699989903625489235e+09
1.699989903651460171e+09
1.699989903667447329e+09
1.699989903683443069e+09
1.699989903709389448e+09
1.699989903725404263e+09
1.699989903751465321e+09
1.699989903767338753e+09
1.699989903783332825e+09
1.699989903809363604e+09
1.699989903825400829e+09
1.699989903851247787e+09
1.699989903867281199e+09
1.699989903883221865e+09
1.699989903909248829e+09
1.699989903925247431e+09
1.699989903951199532e+09
1.699989903967245102e+09
1.699989903983218908e+09
1.699989904009234667e+09
1.699989904025276661e+09
1.699989904051252604e+09
1.699989904067099571e+09
1.699989904083078861e+09
1.699989904109085560e+09
1.699989904125069141e+09
1.699989904151023149e+09
1.699989904167015076e+09
1.699989904183031321e+09
1.699989904209040880e+09
1.699989904225063801e+09
1.699989904250941277e+09
1.699989904266932011e+09
1.699989904282916784e+09
1.699989904308915377e+09
1.699989904324958801e+09
1.699989904350878477e+09
1.699989904366961718e+09
1.699989904382864475e+09
1.699989904408859968e+09
1.699989904424932480e+09
1.699989904450821877e+09
1.699989904466835260e+09
1.699989904482788324e+09
1.699989904508812428e+09
1.699989904524836063e+09
1.699989904550745010e+09
1.699989904566704035e+09
1.699989904582745075e+09
1.699989904608706951e+09
1.699989904624698877e+09
1.699989904650632858e+09
1.699989904666596889e+09
1.699989904682627678e+09
1.699989904708683968e+09
1.699989904724697828e+09
1.699989904750569820e+09
1.699989904766619682e+09
1.699989904782580614e+09
1.699989904808629513e+09
1.699989904824593306e+09
1.699989904850547075e+09
1.699989904866487503e+09
1.699989904882529259e+09
1.699989904908487320e+09
1.699989904924460649e+09
1.699989904950506687e+09
1.699989904966359854e+09
1.699989904982365608e+09
1.699989905009490728e+09
1.699989905025391817e+09
1.699989905051310062e+09
1.699989905067283869e+09
1.699989905083285332e+09
1.699989905109298229e+09
1.699989905125272274e+09
1.699989905151240349e+09
1.699989905167222738e+09
1.699989905183196306e+09
1.699989905209218740e+09
1.699989905225218534e+09
1.699989905251307011e+09
1.699989905267207861e+09
1.699989905283195734e+09
1.699989905309186935e+09
1.699989905325153828e+09
1.699989905351116419e+09
1.699989905367074013e+09
1.699989905383048773e+09
1.699989905409076691e+09
1.699989905425038576e+09
1.699989905450986862e+09
1.699989905466941357e+09
1.699989905483014822e+09
1.699989905509004831e+09
1.699989905524951935e+09
1.699989905550898552e+09
1.699989905566900253e+09
1.699989905582903147e+09
1.699989905608873844e+09
1.699989905624906301e+09
1.699989905650813341e+09
1.699989905666824579e+09
1.699989905682802677e+09
1.699989905708835363e+09
1.699989905724911690e+09
1.699989905750777721e+09
1.699989905766736031e+09
1.699989905782752514e+09
1.699989905808728456e+09
1.699989905824732780e+09
1.699989905850699186e+09
1.699989905866673946e+09
1.699989905882641077e+09
1.699989905908682823e+09
1.699989905924618244e+09
1.699989905950550795e+09
1.699989905966513634e+09
1.699989905982555389e+09
1.699989906008617401e+09
1.699989906024608374e+09
1.699989906050559521e+09
1.699989906066499710e+09
1.699989906082478046e+09
1.699989906108537674e+09
1.699989906124457598e+09
1.699989906150555611e+09
1.699989906166417360e+09
1.699989906182431221e+09
1.699989906209440470e+09
1.699989906225432634e+09
1.699989906251593828e+09
1.699989906267331839e+09
1.699989906283344984e+09
1.699989906309304476e+09
1.699989906325302124e+09
1.699989906351287127e+09
1.699989906367251873e+09
1.699989906383271217e+09
1.699989906409222603e+09
1.699989906425264120e+09
1.699989906451205492e+09
1.699989906467131376e+09
1.699989906467131376e+09
1.699989906467131376e+09
1.699989906467131376e+09
1.699989906554561377e+09
1.699989906556944609e+09
1.699989906582773447e+09
1.699989906609128714e+09
1.699989906625101805e+09
1.699989906651244402e+09
1.699989906666972399e+09
1.699989906683066130e+09
1.699989906709073305e+09
1.699989906725003958e+09
1.699989906751125097e+09
1.699989906766961336e+09
1.699989906782993317e+09
1.699989906809031963e+09
1.699989906825018167e+09
1.699989906850924969e+09
1.699989906866814613e+09
1.699989906882878065e+09
1.699989906908871174e+09
1.699989906924884558e+09
1.699989906950853586e+09
1.699989906966780186e+09
1.699989906982822895e+09
1.699989907008849382e+09
1.699989907024796963e+09
1.699989907050869942e+09
1.699989907066716909e+09
1.699989907082705021e+09
1.699989907108723164e+09
1.699989907124766827e+09
1.699989907150712729e+09
1.699989907166646481e+09
1.699989907182655334e+09
1.699989907208701134e+09
1.699989907224732876e+09
1.699989907250754356e+09
1.699989907266576052e+09
1.699989907282643318e+09
1.699989907308655739e+09
1.699989907324623108e+09
1.699989907350649357e+09
1.699989907366497517e+09
1.699989907382562160e+09
1.699989907408540964e+09
1.699989907424515009e+09
1.699989907450523853e+09
1.699989907466435194e+09
1.699989907482491493e+09
1.699989907508466005e+09
1.699989907524431944e+09
1.699989907550508976e+09
1.699989907566331387e+09
1.699989907582384586e+09
1.699989907609363794e+09
1.699989907625352383e+09
1.699989907651302576e+09
1.699989907667254210e+09
1.699989907683210611e+09
1.699989907709243536e+09
1.699989907725218534e+09
1.699989907751264095e+09
1.699989907767136574e+09
1.699989907783217669e+09
1.699989907809141874e+09
1.699989907825159073e+09
1.699989907851262093e+09
1.699989907867109060e+09
1.699989907883166790e+09
1.699989907909138918e+09
1.699989907925207853e+09
1.699989907951240301e+09
1.699989907967022181e+09
1.699989907983068466e+09
1.699989908009069681e+09
1.699989908025021315e+09
1.699989908051088333e+09
1.699989908066965342e+09
1.699989908083024263e+09
1.699989908108969688e+09
1.699989908124981642e+09
1.699989908150969267e+09
1.699989908166858435e+09
1.699989908182890892e+09
1.699989908208890438e+09
1.699989908224870443e+09
1.699989908250870943e+09
1.699989908266742945e+09
1.699989908282788754e+09
1.699989908308805466e+09
1.699989908324777126e+09
1.699989908350787878e+09
1.699989908366665125e+09
1.699989908382674217e+09
1.699989908408670902e+09
1.699989908424678802e+09
1.699989908450775146e+09
1.699989908466630936e+09
1.699989908482566118e+09
1.699989908508589029e+09
1.699989908524580479e+09
1.699989908550599575e+09
1.699989908566526651e+09
1.699989908582537889e+09
1.699989908608551741e+09
1.699989908624504328e+09
1.699989908650571108e+09
1.699989908666455507e+09
1.699989908682480335e+09
1.699989908708505630e+09
1.699989908724423885e+09
1.699989908750535488e+09
1.699989908766416073e+09
1.699989908782395840e+09
1.699989908809439898e+09
1.699989908825294971e+09
1.699989908851379633e+09
1.699989908867257833e+09
1.699989908883242607e+09
1.699989908909260511e+09
1.699989908925317526e+09
1.699989908951274633e+09
1.699989908967192173e+09
1.699989908983248949e+09
1.699989909009222507e+09
1.699989909025162458e+09
1.699989909051294088e+09
1.699989909067109108e+09
1.699989909083152771e+09
1.699989909109156609e+09
1.699989909125164270e+09
1.699989909151192904e+09
1.699989909167115688e+09
1.699989909183150768e+09
1.699989909209033012e+09
1.699989909225078106e+09
1.699989909251049757e+09
1.699989909266952753e+09
1.699989909282954216e+09
1.699989909308958054e+09
1.699989909324910164e+09
1.699989909350909472e+09
1.699989909366816998e+09
1.699989909382867575e+09
1.699989909408916473e+09
1.699989909424871922e+09
1.699989909450851917e+09
1.699989909466770887e+09
1.699989909482795477e+09
1.699989909508801937e+09
1.699989909524751902e+09
1.699989909550811291e+09
1.699989909566687822e+09
1.699989909582690954e+09
1.699989909608690977e+09
1.699989909624699593e+09
1.699989909650754929e+09
1.699989909666637182e+09
1.699989909682622194e+09
1.699989909708606243e+09
1.699989909724615335e+09
1.699989909750628948e+09
1.699989909766486406e+09
1.699989909782592297e+09
1.699989909808574438e+09
1.699989909824523926e+09
1.699989909850561380e+09
1.699989909866491556e+09
1.699989909882483482e+09
1.699989909908528090e+09
1.699989909924458027e+09
1.699989909950533390e+09
1.699989909966420650e+09
1.699989909982380867e+09
1.699989910009430170e+09
1.699989910025394917e+09
1.699989910051386833e+09
1.699989910067290545e+09
1.699989910083311558e+09
1.699989910109307051e+09
1.699989910125296116e+09
1.699989910151277065e+09
1.699989910167183399e+09
1.699989910183164597e+09
1.699989910209161758e+09
1.699989910225150585e+09
1.699989910252233028e+09
1.699989910268078566e+09
1.699989910284121513e+09
1.699989910310111046e+09
1.699989910326133490e+09
1.699989910342163563e+09
1.699989910369013786e+09
1.699989910385107517e+09
1.699989910411034822e+09
1.699989910427052975e+09
1.699989910443092108e+09
1.699989910468954563e+09
1.699989910484974146e+09
1.699989910510942459e+09
1.699989910526926041e+09
1.699989910543011427e+09
1.699989910568914890e+09
1.699989910584923744e+09
1.699989910610899448e+09
1.699989910626894712e+09
1.699989910642832756e+09
1.699989910668803692e+09
1.699989910684853792e+09
1.699989910710815668e+09
1.699989910726755142e+09
1.699989910742799759e+09
1.699989910768843889e+09
1.699989910784761190e+09
1.699989910810751438e+09
1.699989910826722622e+09
1.699989910842809439e+09
1.699989910868771076e+09
1.699989910884658337e+09
1.699989910910643101e+09
1.699989910926613808e+09
1.699989910942681551e+09
1.699989910968612671e+09
1.699989910984604359e+09
1.699989911010571003e+09
1.699989911026584148e+09
1.699989911042578697e+09
1.699989911068525553e+09
1.699989911084511518e+09
1.699989911110498190e+09
1.699989911126518488e+09
1.699989911142565489e+09
1.699989911168478727e+09
1.699989911184425354e+09
1.699989911210429430e+09
1.699989911226380348e+09
1.699989911242424250e+09
1.699989911269359112e+09
1.699989911285335064e+09
1.699989911311340809e+09
1.699989911327311754e+09
1.699989911343305826e+09
1.699989911369200945e+09
1.699989911385216236e+09
1.699989911411184549e+09
1.699989911427227020e+09
1.699989911443198919e+09
1.699989911469100475e+09
1.699989911469100475e+09
1.699989911469100475e+09
1.699989911469100475e+09
1.699989911556465626e+09
1.699989911562700510e+09
1.699989911584756374e+09
1.699989911610030651e+09
1.699989911626053095e+09
1.699989911652022600e+09
1.699989911667956114e+09
1.699989911683976650e+09
1.699989911709950686e+09
1.699989911725944519e+09
1.699989911751919508e+09
1.699989911767848253e+09
1.699989911783867359e+09
1.699989911809807777e+09
1.699989911825851440e+09
1.699989911851847649e+09
1.699989911867821217e+09
1.699989911883769035e+09
1.699989911909776211e+09
1.699989911925771713e+09
1.699989911951790094e+09
1.699989911967795849e+09
1.699989911983721256e+09
1.699989912009766340e+09
1.699989912025707245e+09
1.699989912051713467e+09
1.699989912067635775e+09
1.699989912083621502e+09
1.699989912109602451e+09
1.699989912125617743e+09
1.699989912151617050e+09
1.699989912167664051e+09
1.699989912183506489e+09
1.699989912209532976e+09
1.699989912225509405e+09
1.699989912251487970e+09
1.699989912267425299e+09
1.699989912283431292e+09
1.699989912309377909e+09
1.699989912325347900e+09
1.699989912351384163e+09
1.699989912367362261e+09
1.699989912383275747e+09
1.699989912409357309e+09
1.699989912425337315e+09
1.699989912451371908e+09
1.699989912467240095e+09
1.699989912483284235e+09
1.699989912509194374e+09
1.699989912525223494e+09
1.699989912551223278e+09
1.699989912567198038e+09
1.699989912583162069e+09
1.699989912609218836e+09
1.699989912625163555e+09
1.699989912651158094e+09
1.699989912667140961e+09
1.699989912683071136e+09
1.699989912709159374e+09
1.699989912725084782e+09
1.699989912751099586e+09
1.699989912767153263e+09
1.699989912783052921e+09
1.699989912808985710e+09
1.699989912825013876e+09
1.699989912850979567e+09
1.699989912866937399e+09
1.699989912882859707e+09
1.699989912908911467e+09
1.699989912924854040e+09
1.699989912950867414e+09
1.699989912966801167e+09
1.699989912982780457e+09
1.699989913008814812e+09
1.699989913024763823e+09
1.699989913050809383e+09
1.699989913066744566e+09
1.699989913082678080e+09
1.699989913108720779e+09
1.699989913124676704e+09
1.699989913150697947e+09
1.699989913166705608e+09
1.699989913182585001e+09
1.699989913208680153e+09
1.699989913224606752e+09
1.699989913250632286e+09
1.699989913266559601e+09
1.699989913282599688e+09
1.699989913308570623e+09
1.699989913324542522e+09
1.699989913350596905e+09
1.699989913366519213e+09
1.699989913382481813e+09
1.699989913408488989e+09
1.699989913424396992e+09
1.699989913450492144e+09
1.699989913466460705e+09
1.699989913482422352e+09
1.699989913509447098e+09
1.699989913525362968e+09
1.699989913551385641e+09
1.699989913567366600e+09
1.699989913583301067e+09
1.699989913609291553e+09
1.699989913625278473e+09
1.699989913651285410e+09
1.699989913667247295e+09
1.699989913683161497e+09
1.699989913709223270e+09
1.699989913725155115e+09
1.699989913751176119e+09
1.699989913767152309e+09
1.699989913783144712e+09
1.699989913809223413e+09
1.699989913825119257e+09
1.699989913851082802e+09
1.699989913867123842e+09
1.699989913883014917e+09
1.699989913909061670e+09
1.699989913925039530e+09
1.699989913951011181e+09
1.699989913967052221e+09
1.699989913982930422e+09
1.699989914008995056e+09
1.699989914024916172e+09
1.699989914050989866e+09
1.699989914066891909e+09
1.699989914082827330e+09
1.699989914108887911e+09
1.699989914124926329e+09
1.699989914150880814e+09
1.699989914166830778e+09
1.699989914182780027e+09
1.699989914208906889e+09
1.699989914224808216e+09
1.699989914250802994e+09
1.699989914266746044e+09
1.699989914282708645e+09
1.699989914308754206e+09
1.699989914324698687e+09
1.699989914350717306e+09
1.699989914366785049e+09
1.699989914382631063e+09
1.699989914408747435e+09
1.699989914424636841e+09
1.699989914450691938e+09
1.699989914466688395e+09
1.699989914482500792e+09
1.699989914509554625e+09
1.699989914525526762e+09
1.699989914551549196e+09
1.699989914567633867e+09
1.699989914583514929e+09
1.699989914609484196e+09
1.699989914625471115e+09
1.699989914651496410e+09
1.699989914667477608e+09
1.699989914683360338e+09
1.699989914709394455e+09
1.699989914725376129e+09
1.699989914751408100e+09
1.699989914767376423e+09
1.699989914783312321e+09
1.699989914809235811e+09
1.699989914825298548e+09
1.699989914851222754e+09
1.699989914867296696e+09
1.699989914883244514e+09
1.699989914909243822e+09
1.699989914925216675e+09
1.699989914951271534e+09
1.699989914967270851e+09
1.699989914983146906e+09
1.699989915009159327e+09
1.699989915025150061e+09
1.699989915051116705e+09
1.699989915067116261e+09
1.699989915083035469e+09
1.699989915109066725e+09
1.699989915125029802e+09
1.699989915151074171e+09
1.699989915167096615e+09
1.699989915182929516e+09
1.699989915208954573e+09
1.699989915224946022e+09
1.699989915250966549e+09
1.699989915266968727e+09
1.699989915282818794e+09
1.699989915308812380e+09
1.699989915324820518e+09
1.699989915350823879e+09
1.699989915366830349e+09
1.699989915382707834e+09
1.699989915408788443e+09
1.699989915424785614e+09
1.699989915450866222e+09
1.699989915466832161e+09
1.699989915482717752e+09
1.699989915508737326e+09
1.699989915524719954e+09
1.699989915550778389e+09
1.699989915566774130e+09
1.699989915582638264e+09
1.699989915608621836e+09
1.699989915624614000e+09
1.699989915650582790e+09
1.699989915666687727e+09
1.699989915682539463e+09
1.699989915708586216e+09
1.699989915724546909e+09
1.699989915750580788e+09
1.699989915766577005e+09
1.699989915782439947e+09
1.699989915808482409e+09
1.699989915824441671e+09
1.699989915850522757e+09
1.699989915866562605e+09
1.699989915882412434e+09
1.699989915909412622e+09
1.699989915925389767e+09
1.699989915951398373e+09
1.699989915967402220e+09
1.699989915983302116e+09
1.699989916009356976e+09
1.699989916025331497e+09
1.699989916051362991e+09
1.699989916067337990e+09
1.699989916083201408e+09
1.699989916109272480e+09
1.699989916125202656e+09
1.699989916151184082e+09
1.699989916167192698e+09
1.699989916183109283e+09
1.699989916209125042e+09
1.699989916225097895e+09
1.699989916251108170e+09
1.699989916267132044e+09
1.699989916283032894e+09
1.699989916309014559e+09
1.699989916325009584e+09
1.699989916351066589e+09
1.699989916367070198e+09
1.699989916383006096e+09
1.699989916409014702e+09
1.699989916424927473e+09
1.699989916450972795e+09
1.699989916467029810e+09
1.699989916467029810e+09
1.699989916467029810e+09
1.699989916467029810e+09
1.699989916554465532e+09
1.699989916559717417e+09
1.699989916582390070e+09
1.699989916608831882e+09
1.699989916624811649e+09
1.699989916650793076e+09
1.699989916666804075e+09
1.699989916682694674e+09
1.699989916708704233e+09
1.699989916724636555e+09
1.699989916750653744e+09
1.699989916766685963e+09
1.699989916782562256e+09
1.699989916808626413e+09
1.699989916824573517e+09
1.699989916850657463e+09
1.699989916866573811e+09
1.699989916882488251e+09
1.699989916908519268e+09
1.699989916924535990e+09
1.699989916950523853e+09
1.699989916966543436e+09
1.699989916982376575e+09
1.699989917009443283e+09
1.699989917025397539e+09
1.699989917051378965e+09
1.699989917067373753e+09
1.699989917083271742e+09
1.699989917109282017e+09
1.699989917125253439e+09
1.699989917151268721e+09
1.699989917167221069e+09
1.699989917183148861e+09
1.699989917209144831e+09
1.699989917225132942e+09
1.699989917251135349e+09
1.699989917267199755e+09
1.699989917283094406e+09
1.699989917309109926e+09
1.699989917325074196e+09
1.699989917351100445e+09
1.699989917367124796e+09
1.699989917383013010e+09
1.699989917409024715e+09
1.699989917425016403e+09
1.699989917451079845e+09
1.699989917467115402e+09
1.699989917483007908e+09
1.699989917510020971e+09
1.699989917525998592e+09
1.699989917541963100e+09
1.699989917568955421e+09
1.699989917584872484e+09
1.699989917610869646e+09
1.699989917626852512e+09
1.699989917642863750e+09
1.699989917668925047e+09
1.699989917684761524e+09
1.699989917710756779e+09
1.699989917726706982e+09
1.699989917742765903e+09
1.699989917768825054e+09
1.699989917784668922e+09
1.699989917810693502e+09
1.699989917826686859e+09
1.699989917842689991e+09
1.699989917868740320e+09
1.699989917884588480e+09
1.699989917910615921e+09
1.699989917926561356e+09
1.699989917942632914e+09
1.699989917968685150e+09
1.699989917984530210e+09
1.699989918010542631e+09
1.699989918026513815e+09
1.699989918042524815e+09
1.699989918068532705e+09
1.699989918084441423e+09
1.699989918110466957e+09
1.699989918126452446e+09
1.699989918142468691e+09
1.699989918168476820e+09
1.699989918184404373e+09
1.699989918210356474e+09
1.699989918226354599e+09
1.699989918242363214e+09
1.699989918269413710e+09
1.699989918285269737e+09
1.699989918311329365e+09
1.699989918327354670e+09
1.699989918343310833e+09
1.699989918369248867e+09
1.699989918385208368e+09
1.699989918411211967e+09
1.699989918427172899e+09
1.699989918443185568e+09
1.699989918469197750e+09
1.699989918485112906e+09
1.699989918511128187e+09
1.699989918527124166e+09
1.699989918543135166e+09
1.699989918569176912e+09
1.699989918585065365e+09
1.699989918611079693e+09
1.699989918627039194e+09
1.699989918643042803e+09
1.699989918669079542e+09
1.699989918685000658e+09
1.699989918711011410e+09
1.699989918726986885e+09
1.699989918743017673e+09
1.699989918768949986e+09
1.699989918784845591e+09
1.699989918810863495e+09
1.699989918826864719e+09
1.699989918842838049e+09
1.699989918868835688e+09
1.699989918884759903e+09
1.699989918910809755e+09
1.699989918926772833e+09
1.699989918942776442e+09
1.699989918968844175e+09
1.699989918984672070e+09
1.699989919010668993e+09
1.699989919026688099e+09
1.699989919042688608e+09
1.699989919068734884e+09
1.699989919084626198e+09
1.699989919110626936e+09
1.699989919126616001e+09
1.699989919142655373e+09
1.699989919168685913e+09
1.699989919184553385e+09
1.699989919210503817e+09
1.699989919226497412e+09
1.699989919242534637e+09
1.699989919268601894e+09
1.699989919284404516e+09
1.699989919310514212e+09
1.699989919326506376e+09
1.699989919342527628e+09
1.699989919369433165e+09
1.699989919385392904e+09
1.699989919411388159e+09
1.699989919427408695e+09
1.699989919443353653e+09
1.699989919469361305e+09
1.699989919485350847e+09
1.699989919511284590e+09
1.699989919527332544e+09
1.699989919543314695e+09
1.699989919569305897e+09
1.699989919585215092e+09
1.699989919611222267e+09
1.699989919627205610e+09
1.699989919643240690e+09
1.699989919669186592e+09
1.699989919685117960e+09
1.699989919711144924e+09
1.699989919727071524e+09
1.699989919743167639e+09
1.699989919769124746e+09
1.699989919785031557e+09
1.699989919811041117e+09
1.699989919827023029e+09
1.699989919843075275e+09
1.699989919869034052e+09
1.699989919884963989e+09
1.699989919911012173e+09
1.699989919927046061e+09
1.699989919942999125e+09
1.699989919969089270e+09
1.699989919984992743e+09
1.699989920010876656e+09
1.699989920026818991e+09
1.699989920042868614e+09
1.699989920068952084e+09
1.699989920084807634e+09
1.699989920110808611e+09
1.699989920126798868e+09
1.699989920142806292e+09
1.699989920168815613e+09
1.699989920184725046e+09
1.699989920210731745e+09
1.699989920226714849e+09
1.699989920242748499e+09
1.699989920268818617e+09
1.699989920284695148e+09
1.699989920310729980e+09
1.699989920326663971e+09
1.699989920342744589e+09
1.699989920368773222e+09
1.699989920384612799e+09
1.699989920410641670e+09
1.699989920426591396e+09
1.699989920442636490e+09
1.699989920468671322e+09
1.699989920484601259e+09
1.699989920510545731e+09
1.699989920526522875e+09
1.699989920542562485e+09
1.699989920568579674e+09
1.699989920584473133e+09
1.699989920610496283e+09
1.699989920626444340e+09
1.699989920642465115e+09
1.699989920668512821e+09
1.699989920684426546e+09
1.699989920710459948e+09
1.699989920726366997e+09
1.699989920742438078e+09
1.699989920769446611e+09
1.699989920785371780e+09
1.699989920811291456e+09
1.699989920827277422e+09
1.699989920843327284e+09
1.699989920869310617e+09
1.699989920885250807e+09
1.699989920911258221e+09
1.699989920927214384e+09
1.699989920943287373e+09
1.699989920969220400e+09
1.699989920985240459e+09
1.699989921011130571e+09
1.699989921027067184e+09
1.699989921043115139e+09
1.699989921069113255e+09
1.699989921085047483e+09
1.699989921111033678e+09
1.699989921127041817e+09
1.699989921143026829e+09
1.699989921169129610e+09
1.699989921185034990e+09
1.699989921210947752e+09
1.699989921226929188e+09
1.699989921242970228e+09
1.699989921269006729e+09
1.699989921284909010e+09
1.699989921310950756e+09
1.699989921326918364e+09
1.699989921342857361e+09
1.699989921368880033e+09
1.699989921384840488e+09
1.699989921410763502e+09
1.699989921426755905e+09
1.699989921442738533e+09
1.699989921468842745e+09
1.699989921468842745e+09
1.699989921468842745e+09
1.699989921468842745e+09
1.699989921556154013e+09
1.699989921561618090e+09
1.699989921584964037e+09
1.699989921609605551e+09
1.699989921625627995e+09
1.699989921651630640e+09
1.699989921667630434e+09
1.699989921683567047e+09
1.699989921709532976e+09
1.699989921725555897e+09
1.699989921751527071e+09
1.699989921767554522e+09
1.699989921783495426e+09
1.699989921809460402e+09
1.699989921825460672e+09
1.699989921851435900e+09
1.699989921867468834e+09
1.699989921883431673e+09
1.699989921909384489e+09
1.699989921925370693e+09
1.699989921951350212e+09
1.699989921967404127e+09
1.699989921983386040e+09
1.699989922009332418e+09
1.699989922025318384e+09
1.699989922051302433e+09
1.699989922067260265e+09
1.699989922083252192e+09
1.699989922109255791e+09
1.699989922125202656e+09
1.699989922151247263e+09
1.699989922167232275e+09
1.699989922183130980e+09
1.699989922209141016e+09
1.699989922225076675e+09
1.699989922251118660e+09
1.699989922267131329e+09
1.699989922283075333e+09
1.699989922309047937e+09
1.699989922325042009e+09
1.699989922351024151e+09
1.699989922367053986e+09
1.699989922383048773e+09
1.699989922408996820e+09
1.699989922424939394e+09
1.699989922450976610e+09
1.699989922466961145e+09
1.699989922483015776e+09
1.699989922508927345e+09
1.699989922524946451e+09
1.699989922550938845e+09
1.699989922566995859e+09
1.699989922582828045e+09
1.699989922608793974e+09
1.699989922624805212e+09
1.699989922650850296e+09
1.699989922666798592e+09
1.699989922682781219e+09
1.699989922708714962e+09
1.699989922724673033e+09
1.699989922750736713e+09
1.699989922766747475e+09
1.699989922782701492e+09
1.699989922808605433e+09
1.699989922824634790e+09
1.699989922850642204e+09
1.699989922866572857e+09
1.699989922882597208e+09
1.699989922908604383e+09
1.699989922924607515e+09
1.699989922950562954e+09
1.699989922966567039e+09
1.699989922982626200e+09
1.699989923008553267e+09
1.699989923024463415e+09
1.699989923050548553e+09
1.699989923066556215e+09
1.699989923082598686e+09
1.699989923108408213e+09
1.699989923124413490e+09
1.699989923150425911e+09
1.699989923166381598e+09
1.699989923182461977e+09
1.699989923209318161e+09
1.699989923225303888e+09
1.699989923251271009e+09
1.699989923267261982e+09
1.699989923283276081e+09
1.699989923309236765e+09
1.699989923325204849e+09
1.699989923351281643e+09
1.699989923367243290e+09
1.699989923383177757e+09
1.699989923409148932e+09
1.699989923425149918e+09
1.699989923451136589e+09
1.699989923467147589e+09
1.699989923483145952e+09
1.699989923509059191e+09
1.699989923525050879e+09
1.699989923551055908e+09
1.699989923567090750e+09
1.699989923583061934e+09
1.699989923609040499e+09
1.699989923624986410e+09
1.699989923650952101e+09
1.699989923666937590e+09
1.699989923682996511e+09
1.699989923708924294e+09
1.699989923724895954e+09
1.699989923750925541e+09
1.699989923766984463e+09
1.699989923782983541e+09
1.699989923808859825e+09
1.699989923824783802e+09
1.699989923850861311e+09
1.699989923866815329e+09
1.699989923882842302e+09
1.699989923908787727e+09
1.699989923924721956e+09
1.699989923950725794e+09
1.699989923966728687e+09
1.699989923982691288e+09
1.699989924008652687e+09
1.699989924024648666e+09
1.699989924050698996e+09
1.699989924066648245e+09
1.699989924082641602e+09
1.699989924108544111e+09
1.699989924124562502e+09
1.699989924150595427e+09
1.699989924166574478e+09
1.699989924182589293e+09
1.699989924208491564e+09
1.699989924224421740e+09
1.699989924250455141e+09
1.699989924266485929e+09
1.699989924282518864e+09
1.699989924308418989e+09
1.699989924324397802e+09
1.699989924350425243e+09
1.699989924366396666e+09
1.699989924382393122e+09
1.699989924409328938e+09
1.699989924425322771e+09
1.699989924451318979e+09
1.699989924467329264e+09
1.699989924483296394e+09
1.699989924509226322e+09
1.699989924525188684e+09
1.699989924551156998e+09
1.699989924567224741e+09
1.699989924583204508e+09
1.699989924609119415e+09
1.699989924625100613e+09
1.699989924651118517e+09
1.699989924667124033e+09
1.699989924683146715e+09
1.699989924709081888e+09
1.699989924725127459e+09
1.699989924751051188e+09
1.699989924767103910e+09
1.699989924783184528e+09
1.699989924809019327e+09
1.699989924824939728e+09
1.699989924850972891e+09
1.699989924866985083e+09
1.699989924882984638e+09
1.699989924908959866e+09
1.699989924924937010e+09
1.699989924950877666e+09
1.699989924966953754e+09
1.699989924982936144e+09
1.699989925008911848e+09
1.699989925024908781e+09
1.699989925050945520e+09
1.699989925066862583e+09
1.699989925082833529e+09
1.699989925108767509e+09
1.699989925124730587e+09
1.699989925150759935e+09
1.699989925166762590e+09
1.699989925182731152e+09
1.699989925208708048e+09
1.699989925224620342e+09
1.699989925250625372e+09
1.699989925266637087e+09
1.699989925282659292e+09
1.699989925308554411e+09
1.699989925324624777e+09
1.699989925350610495e+09
1.699989925366561174e+09
1.699989925382552862e+09
1.699989925408474684e+09
1.699989925424468279e+09
1.699989925450507641e+09
1.699989925466509104e+09
1.699989925482505798e+09
1.699989925508396387e+09
1.699989925524394274e+09
1.699989925550370932e+09
1.699989925566361427e+09
1.699989925582424164e+09
1.699989925609319448e+09
1.699989925625285864e+09
1.699989925651315689e+09
1.699989925667316198e+09
1.699989925683354855e+09
1.699989925709246397e+09
1.699989925725248337e+09
1.699989925751251698e+09
1.699989925767251492e+09
1.699989925783228874e+09
1.699989925809158325e+09
1.699989925825135946e+09
1.699989925851160765e+09
1.699989925867184877e+09
1.699989925883186340e+09
1.699989925909090519e+09
1.699989925925140619e+09
1.699989925951050997e+09
1.699989925967115879e+09
1.699989925983113050e+09
1.699989926009024858e+09
1.699989926024981022e+09
1.699989926051023006e+09
1.699989926067001343e+09
1.699989926083024979e+09
1.699989926108923674e+09
1.699989926124913931e+09
1.699989926150928020e+09
1.699989926166902542e+09
1.699989926182940960e+09
1.699989926208903790e+09
1.699989926224841356e+09
1.699989926250891209e+09
1.699989926266901970e+09
1.699989926282924891e+09
1.699989926308759451e+09
1.699989926324773312e+09
1.699989926350791931e+09
1.699989926366816282e+09
1.699989926382786036e+09
1.699989926408716917e+09
1.699989926424694061e+09
1.699989926450706720e+09
1.699989926466778517e+09
1.699989926466778517e+09
1.699989926466778517e+09
1.699989926466778517e+09
1.699989926553914309e+09
1.699989926557391167e+09
1.699989926582629681e+09
1.699989926608589649e+09
1.699989926624594927e+09
1.699989926650530338e+09
1.699989926666552782e+09
1.699989926682609081e+09
1.699989926708528519e+09
1.699989926724517107e+09
1.699989926750527382e+09
1.699989926766488314e+09
1.699989926782521009e+09
1.699989926808473587e+09
1.699989926824395418e+09
1.699989926850426912e+09
1.699989926866432905e+09
1.699989926882470131e+09
1.699989926909339666e+09
1.699989926925356388e+09
1.699989926951301098e+09
1.699989926967346907e+09
1.699989926983365536e+09
1.699989927009260416e+09
1.699989927025255680e+09
1.699989927051258802e+09
1.699989927067249775e+09
1.699989927083237171e+09
1.699989927109246016e+09
1.699989927125149488e+09
1.699989927151162148e+09
1.699989927167170286e+09
1.699989927183160543e+09
1.699989927209089756e+09
1.699989927225046396e+09
1.699989927251079321e+09
1.699989927267034531e+09
1.699989927283041000e+09
1.699989927308983326e+09
1.699989927325006723e+09
1.699989927351004839e+09
1.699989927367001295e+09
1.699989927382998466e+09
1.699989927408939362e+09
1.699989927424891949e+09
1.699989927450871229e+09
1.699989927466923952e+09
1.699989927482881784e+09
1.699989927508850574e+09
1.699989927524862528e+09
1.699989927550864697e+09
1.699989927566885471e+09
1.699989927582795620e+09
1.699989927608746529e+09
1.699989927624771595e+09
1.699989927650708914e+09
1.699989927666714668e+09
1.699989927682732582e+09
1.699989927708710909e+09
1.699989927724626541e+09
1.699989927750624418e+09
1.699989927766664743e+09
1.699989927782637119e+09
1.699989927808609724e+09
1.699989927824565649e+09
1.699989927850572348e+09
1.699989927866549253e+09
1.699989927882586241e+09
1.699989927908513308e+09
1.699989927924536705e+09
1.699989927950501204e+09
1.699989927966579437e+09
1.699989927982547998e+09
1.699989928008513689e+09
1.699989928024439335e+09
1.699989928050513029e+09
1.699989928066437960e+09
1.699989928082427263e+09
1.699989928109402418e+09
1.699989928125364065e+09
1.699989928151385546e+09
1.699989928167415380e+09
1.699989928183401585e+09
1.699989928209292173e+09
1.699989928225292206e+09
1.699989928251213312e+09
1.699989928267237663e+09
1.699989928283271551e+09
1.699989928309244394e+09
1.699989928325186968e+09
1.699989928351214409e+09
1.699989928367203236e+09
1.699989928383208513e+09
1.699989928409152269e+09
1.699989928425148010e+09
1.699989928451129198e+09
1.699989928467119932e+09
1.699989928483175516e+09
1.699989928509055614e+09
1.699989928525063515e+09
1.699989928551062107e+09
1.699989928567069054e+09
1.699989928583092928e+09
1.699989928608971119e+09
1.699989928624981165e+09
1.699989928650953531e+09
1.699989928666937828e+09
1.699989928682945967e+09
1.699989928708846569e+09
1.699989928724878311e+09
1.699989928750904322e+09
1.699989928766901970e+09
1.699989928782943487e+09
1.699989928808823824e+09
1.699989928824811935e+09
1.699989928850843906e+09
1.699989928866847992e+09
1.699989928882896185e+09
1.699989928908739567e+09
1.699989928924756289e+09
1.699989928950739861e+09
1.699989928966732979e+09
1.699989928982708931e+09
1.699989929008651972e+09
1.699989929024657726e+09
1.699989929050675154e+09
1.699989929066647053e+09
1.699989929082613707e+09
1.699989929108556509e+09
1.699989929124539852e+09
1.699989929150605202e+09
1.699989929166527510e+09
1.699989929182561636e+09
1.699989929208507299e+09
1.699989929224495888e+09
1.699989929250492096e+09
1.699989929266512394e+09
1.699989929282536268e+09
1.699989929308402300e+09
1.699989929324406147e+09
1.699989929350364447e+09
1.699989929366386652e+09
1.699989929382377863e+09
1.699989929409310818e+09
1.699989929425332069e+09
1.699989929451320887e+09
1.699989929467333078e+09
1.699989929483296156e+09
1.699989929509296179e+09
1.699989929525274992e+09
1.699989929551223040e+09
1.699989929567230225e+09
1.699989929583230972e+09
1.699989929609156609e+09
1.699989929625216484e+09
1.699989929651179790e+09
1.699989929667170048e+09
1.699989929683186769e+09
1.699989929709120274e+09
1.699989929725125790e+09
1.699989929751124620e+09
1.699989929767132044e+09
1.699989929783209324e+09
1.699989929809063911e+09
1.699989929825034142e+09
1.699989929851024389e+09
1.699989929867049694e+09
1.699989929883040190e+09
1.699989929909007788e+09
1.699989929925001621e+09
1.699989929950974703e+09
1.699989929967005253e+09
1.699989929982973576e+09
1.699989930008931160e+09
1.699989930024928331e+09
1.699989930050892830e+09
1.699989930066865206e+09
1.699989930082930088e+09
1.699989930108879089e+09
1.699989930124764919e+09
1.699989930150855780e+09
1.699989930166852951e+09
1.699989930182805777e+09
1.699989930208710432e+09
1.699989930224727392e+09
1.699989930250697851e+09
1.699989930266706467e+09
1.699989930282726765e+09
1.699989930308640003e+09
1.699989930324701071e+09
1.699989930350621462e+09
1.699989930366611004e+09
1.699989930382671118e+09
1.699989930408545494e+09
1.699989930424548149e+09
1.699989930450508833e+09
1.699989930466542006e+09
1.699989930482525110e+09
1.699989930508486986e+09
1.699989930524444818e+09
1.699989930550438404e+09
1.699989930566410303e+09
1.699989930582427502e+09
1.699989930608439445e+09
1.699989930624398232e+09
1.699989930650383234e+09
1.699989930666342258e+09
1.699989930682373285e+09
1.699989930709422588e+09
1.699989930725244284e+09
1.699989930751288176e+09
1.699989930767287254e+09
1.699989930783316374e+09
1.699989930809220314e+09
1.699989930825247526e+09
1.699989930851217747e+09
1.699989930867239475e+09
1.699989930883340836e+09
1.699989930909161091e+09
1.699989930925134659e+09
1.699989930951170683e+09
1.699989930967136860e+09
1.699989930983177423e+09
1.699989931009071350e+09
1.699989931025075436e+09
1.699989931051086903e+09
1.699989931067087412e+09
1.699989931083113909e+09
1.699989931108991385e+09
1.699989931125005245e+09
1.699989931150985003e+09
1.699989931167014360e+09
1.699989931183037519e+09
1.699989931208907843e+09
1.699989931224906445e+09
1.699989931250932932e+09
1.699989931266967297e+09
1.699989931282932997e+09
1.699989931309025764e+09
1.699989931324871778e+09
1.699989931350789785e+09
1.699989931366810322e+09
1.699989931382827282e+09
1.699989931408785582e+09
1.699989931424789667e+09
1.699989931450845957e+09
1.699989931466818333e+09
1.699989931466818333e+09
1.699989931466818333e+09
1.699989931466818333e+09
1.699989931554014206e+09
1.699989931558590889e+09
1.699989931583073616e+09
1.699989931608620644e+09
1.699989931624604940e+09
1.699989931650585651e+09
1.699989931666652679e+09
1.699989931682609320e+09
1.699989931708612680e+09
1.699989931724509954e+09
1.699989931750483751e+09
1.699989931766503334e+09
1.699989931782513142e+09
1.699989931808442354e+09
1.699989931824459553e+09
1.699989931850438595e+09
1.699989931866385221e+09
1.699989931882466555e+09
1.699989931909371376e+09
1.699989931925379992e+09
1.699989931951300621e+09
1.699989931967321634e+09
1.699989931983281612e+09
1.699989932009300232e+09
1.699989932025254726e+09
1.699989932051222324e+09
1.699989932067214012e+09
1.699989932083247662e+09
1.699989932109111786e+09
1.699989932125146866e+09
1.699989932151159286e+09
1.699989932167190552e+09
1.699989932183199406e+09
1.699989932209106684e+09
1.699989932225070953e+09
1.699989932251068592e+09
1.699989932267093420e+09
1.699989932283043623e+09
1.699989932309026241e+09
1.699989932325062275e+09
1.699989932351000309e+09
1.699989932366954327e+09
1.699989932383062124e+09
1.699989932408947706e+09
1.699989932424975395e+09
1.699989932450947523e+09
1.699989932466928959e+09
1.699989932482980728e+09
1.699989932508906364e+09
1.699989932524899483e+09
1.699989932550869465e+09
1.699989932566872358e+09
1.699989932582867861e+09
1.699989932608785391e+09
1.699989932624787331e+09
1.699989932650767326e+09
1.699989932666764021e+09
1.699989932682783604e+09
1.699989932708865404e+09
1.699989932724721909e+09
1.699989932750666380e+09
1.699989932766658068e+09
1.699989932782652855e+09
1.699989932808639050e+09
1.699989932824653149e+09
1.699989932850581646e+09
1.699989932866573095e+09
1.699989932882623196e+09
1.699989932908673763e+09
1.699989932924587011e+09
1.699989932950494528e+09
1.699989932966518402e+09
1.699989932982578754e+09
1.699989933008497238e+09
1.699989933024512768e+09
1.699989933050445318e+09
1.699989933066488266e+09
1.699989933082543612e+09
1.699989933108390331e+09
1.699989933124406099e+09
1.699989933150392056e+09
1.699989933166455507e+09
1.699989933182441950e+09
1.699989933209407806e+09
1.699989933225356102e+09
1.699989933251311779e+09
1.699989933267276287e+09
1.699989933283328772e+09
1.699989933309288740e+09
1.699989933325253010e+09
1.699989933351266861e+09
1.699989933367263794e+09
1.699989933383234739e+09
1.699989933409282446e+09
1.699989933425254345e+09
1.699989933451180220e+09
1.699989933467164516e+09
1.699989933483179331e+09
1.699989933509160995e+09
1.699989933525081635e+09
1.699989933551052809e+09
1.699989933567076683e+09
1.699989933583133698e+09
1.699989933609018087e+09
1.699989933624986887e+09
1.699989933650992870e+09
1.699989933667004824e+09
1.699989933683086157e+09
1.699989933708950281e+09
1.699989933724946976e+09
1.699989933750925779e+09
1.699989933766887426e+09
1.699989933782948494e+09
1.699989933809054852e+09
1.699989933824854851e+09
1.699989933850897789e+09
1.699989933866889954e+09
1.699989933882940054e+09
1.699989933908957243e+09
1.699989933924814463e+09
1.699989933950846434e+09
1.699989933966813803e+09
1.699989933982807398e+09
1.699989934008778095e+09
1.699989934024754763e+09
1.699989934051755667e+09
1.699989934067780972e+09
1.699989934083804846e+09
1.699989934109666348e+09
1.699989934125645876e+09
1.699989934151599169e+09
1.699989934167614937e+09
1.699989934183634043e+09
1.699989934209672451e+09
1.699989934225585699e+09
1.699989934251565933e+09
1.699989934267619133e+09
1.699989934283698320e+09
1.699989934309592485e+09
1.699989934325494528e+09
1.699989934351507664e+09
1.699989934367485285e+09
1.699989934383478642e+09
1.699989934409546614e+09
1.699989934425432682e+09
1.699989934451436758e+09
1.699989934467466593e+09
1.699989934483446836e+09
1.699989934509487629e+09
1.699989934525361776e+09
1.699989934551389933e+09
1.699989934567378283e+09
1.699989934583461046e+09
1.699989934609353304e+09
1.699989934625289679e+09
1.699989934651262045e+09
1.699989934667252064e+09
1.699989934683290243e+09
1.699989934709272861e+09
1.699989934725185156e+09
1.699989934751215935e+09
1.699989934767187595e+09
1.699989934783205748e+09
1.699989934809241295e+09
1.699989934825120449e+09
1.699989934851121902e+09
1.699989934867141008e+09
1.699989934883210421e+09
1.699989934909062624e+09
1.699989934925024509e+09
1.699989934951000452e+09
1.699989934966993570e+09
1.699989934983023405e+09
1.699989935009006262e+09
1.699989935024904966e+09
1.699989935050992250e+09
1.699989935066909790e+09
1.699989935082969189e+09
1.699989935108943462e+09
1.699989935124837399e+09
1.699989935150851727e+09
1.699989935166887522e+09
1.699989935182853937e+09
1.699989935208894491e+09
1.699989935224747181e+09
1.699989935250799417e+09
1.699989935266757965e+09
1.699989935282785892e+09
1.699989935308809519e+09
1.699989935324739933e+09
1.699989935350772142e+09
1.699989935366737366e+09
1.699989935382743359e+09
1.699989935408831835e+09
1.699989935424720049e+09
1.699989935450636864e+09
1.699989935466636181e+09
1.699989935482737541e+09
1.699989935508652210e+09
1.699989935524604559e+09
1.699989935550614595e+09
1.699989935566541433e+09
1.699989935582576036e+09
1.699989935608628988e+09
1.699989935624495506e+09
1.699989935650495291e+09
1.699989935666520596e+09
1.699989935682517290e+09
1.699989935708546162e+09
1.699989935724459171e+09
1.699989935750483751e+09
1.699989935766502380e+09
1.699989935782575607e+09
1.699989935808525801e+09
1.699989935824338436e+09
1.699989935850448608e+09
1.699989935866393328e+09
1.699989935882380724e+09
1.699989935908549547e+09
1.699989935924306393e+09
1.699989935950316429e+09
1.699989935966302633e+09
1.699989935982316494e+09
1.699989936009397745e+09
1.699989936025225639e+09
1.699989936051233292e+09
1.699989936067248106e+09
1.699989936083273888e+09
1.699989936109242678e+09
1.699989936125141621e+09
1.699989936151175499e+09
1.699989936167113304e+09
1.699989936183166504e+09
1.699989936209213495e+09
1.699989936225097895e+09
1.699989936251106024e+09
1.699989936267089128e+09
1.699989936283097267e+09
1.699989936309115887e+09
1.699989936324971676e+09
1.699989936351002216e+09
1.699989936366999149e+09
1.699989936383044481e+09
1.699989936409047365e+09
1.699989936424940825e+09
1.699989936450941086e+09
1.699989936466910362e+09
1.699989936466910362e+09
1.699989936466910362e+09
1.699989936466910362e+09
1.699989936554264307e+09
1.699989936557869434e+09
1.699989936583446741e+09
1.699989936608989239e+09
1.699989936624818563e+09
1.699989936650817394e+09
1.699989936666799545e+09
1.699989936682763577e+09
1.699989936708831072e+09
1.699989936724706173e+09
1.699989936751728535e+09
1.699989936767693520e+09
1.699989936783700943e+09
1.699989936809772015e+09
1.699989936825670719e+09
1.699989936851618290e+09
1.699989936867612362e+09
1.699989936883635044e+09
1.699989936909639120e+09
1.699989936925529480e+09
1.699989936951553583e+09
1.699989936967537165e+09
1.699989936983556509e+09
1.699989937009567738e+09
1.699989937025433302e+09
1.699989937051512480e+09
1.699989937067492485e+09
1.699989937083447933e+09
1.699989937109538078e+09
1.699989937125402451e+09
1.699989937151412487e+09
1.699989937167345762e+09
1.699989937183378696e+09
1.699989937209445953e+09
1.699989937225277901e+09
1.699989937251295328e+09
1.699989937267300367e+09
1.699989937283327341e+09
1.699989937309340954e+09
1.699989937325219870e+09
1.699989937351242065e+09
1.699989937367189884e+09
1.699989937383274317e+09
1.699989937409195900e+09
1.699989937425106287e+09
1.699989937451144934e+09
1.699989937467156172e+09
1.699989937483189583e+09
1.699989937509254694e+09
1.699989937525047064e+09
1.699989937551052094e+09
1.699989937567021370e+09
1.699989937583009720e+09
1.699989937609131336e+09
1.699989937625020266e+09
1.699989937650993586e+09
1.699989937667023897e+09
1.699989937682980776e+09
1.699989937709026575e+09
1.699989937724945545e+09
1.699989937750924349e+09
1.699989937766942263e+09
1.699989937782904863e+09
1.699989937809019327e+09
1.699989937824899197e+09
1.699989937850867510e+09
1.699989937866881371e+09
1.699989937882911921e+09
1.699989937908984184e+09
1.699989937924790144e+09
1.699989937950832367e+09
1.699989937966869354e+09
1.699989937982851267e+09
1.699989938008844376e+09
1.699989938024743795e+09
1.699989938050774574e+09
1.699989938066743374e+09
1.699989938082737207e+09
1.699989938108798981e+09
1.699989938124682903e+09
1.699989938150694847e+09
1.699989938166703463e+09
1.699989938182685852e+09
1.699989938208745480e+09
1.699989938224653959e+09
1.699989938250623226e+09
1.699989938266684055e+09
1.699989938282615900e+09
1.699989938308672190e+09
1.699989938324522257e+09
1.699989938350543737e+09
1.699989938366549492e+09
1.699989938382567883e+09
1.699989938408591032e+09
1.699989938424499035e+09
1.699989938450454473e+09
1.699989938466489792e+09
1.699989938482480526e+09
1.699989938508495331e+09
1.699989938524367571e+09
1.699989938550351620e+09
1.699989938566388369e+09
1.699989938582375288e+09
1.699989938609426260e+09
1.699989938625254631e+09
1.699989938651275873e+09
1.699989938667261600e+09
1.699989938683301687e+09
1.699989938709260464e+09
1.699989938725224972e+09
1.699989938751188993e+09
1.699989938767231941e+09
1.699989938783203602e+09
1.699989938809177399e+09
1.699989938825135231e+09
1.699989938851133108e+09
1.699989938867103338e+09
1.699989938883102894e+09
1.699989938909112453e+09
1.699989938925025225e+09
1.699989938951062679e+09
1.699989938967032433e+09
1.699989938983021975e+09
1.699989939008976460e+09
1.699989939024955750e+09
1.699989939050921440e+09
1.699989939066900492e+09
1.699989939082945824e+09
1.699989939108986139e+09
1.699989939124877214e+09
1.699989939150827169e+09
1.699989939166871309e+09
1.699989939182866335e+09
1.699989939208915710e+09
1.699989939224832535e+09
1.699989939250781298e+09
1.699989939266794920e+09
1.699989939282758713e+09
1.699989939308850288e+09
1.699989939324691772e+09
1.699989939350696325e+09
1.699989939366682768e+09
1.699989939382672548e+09
1.699989939408744097e+09
1.699989939424651623e+09
1.699989939450726509e+09
1.699989939466732025e+09
1.699989939482748508e+09
1.699989939508699656e+09
1.699989939524557352e+09
1.699989939550523043e+09
1.699989939566500425e+09
1.699989939582547665e+09
1.699989939608658314e+09
1.699989939624567032e+09
1.699989939650498152e+09
1.699989939666562796e+09
1.699989939682533979e+09
1.699989939708533764e+09
1.699989939724436045e+09
1.699989939750479698e+09
1.699989939766460657e+09
1.699989939782370329e+09
1.699989939808525801e+09
1.699989939824413061e+09
1.699989939850366831e+09
1.699989939866301775e+09
1.699989939882325888e+09
1.699989939909397840e+09
1.699989939925291300e+09
1.699989939951303482e+09
1.699989939967229128e+09
1.699989939983247995e+09
1.699989940009285927e+09
1.699989940025216341e+09
1.699989940051183701e+09
1.699989940067212582e+09
1.699989940083181143e+09
1.699989940109177351e+09
1.699989940125061750e+09
1.699989940151100159e+09
1.699989940167076826e+09
1.699989940183144808e+09
1.699989940209083557e+09
1.699989940225029707e+09
1.699989940250999928e+09
1.699989940267003775e+09
1.699989940283024788e+09
1.699989940309074402e+09
1.699989940324968338e+09
1.699989940350961447e+09
1.699989940366951466e+09
1.699989940382936716e+09
1.699989940409008741e+09
1.699989940424877405e+09
1.699989940450920582e+09
1.699989940466910839e+09
1.699989940482931614e+09
1.699989940508913755e+09
1.699989940524857998e+09
1.699989940550806522e+09
1.699989940566769123e+09
1.699989940582781553e+09
1.699989940608840227e+09
1.699989940624769926e+09
1.699989940650715590e+09
1.699989940666671753e+09
1.699989940682689190e+09
1.699989940708797932e+09
1.699989940724742889e+09
1.699989940750644684e+09
1.699989940766630650e+09
1.699989940782560349e+09
1.699989940808633566e+09
1.699989940824553967e+09
1.699989940850537062e+09
1.699989940866508961e+09
1.699989940882527590e+09
1.699989940908564091e+09
1.699989940924515247e+09
1.699989940950475693e+09
1.699989940966524601e+09
1.699989940982445478e+09
1.699989941008526564e+09
1.699989941024425030e+09
1.699989941050357580e+09
1.699989941066350460e+09
1.699989941082355976e+09
1.699989941109423161e+09
1.699989941125242233e+09
1.699989941151299238e+09
1.699989941167284966e+09
1.699989941183281660e+09
1.699989941209257364e+09
1.699989941225232840e+09
1.699989941251194477e+09
1.699989941267171621e+09
1.699989941283227444e+09
1.699989941309145451e+09
1.699989941325105429e+09
1.699989941351104498e+09
1.699989941367088795e+09
1.699989941383070469e+09
1.699989941409029245e+09
1.699989941425087452e+09
1.699989941450982809e+09
1.699989941466970682e+09
1.699989941466970682e+09
1.699989941466970682e+09
1.699989941466970682e+09
1.699989941554375410e+09
1.699989941557081223e+09
1.699989941583094835e+09
1.699989941608972073e+09
1.699989941624816179e+09
1.699989941650822878e+09
1.699989941666784525e+09
1.699989941682810783e+09
1.699989941708812952e+09
1.699989941724831104e+09
1.699989941750709295e+09
1.699989941766693830e+09
1.699989941782686472e+09
1.699989941808744669e+09
1.699989941824678183e+09
1.699989941850689888e+09
1.699989941866594315e+09
1.699989941882634401e+09
1.699989941908707857e+09
1.699989941924713135e+09
1.699989941950625658e+09
1.699989941966639996e+09
1.699989941982659817e+09
1.699989942008653879e+09
1.699989942024594545e+09
1.699989942050533772e+09
1.699989942066529274e+09
1.699989942082569122e+09
1.699989942108540297e+09
1.699989942124472618e+09
1.699989942150409222e+09
1.699989942166373968e+09
1.699989942182380676e+09
1.699989942208395481e+09
1.699989942224365234e+09
1.699989942250269651e+09
1.699989942266258240e+09
1.699989942282267809e+09
1.699989942309368372e+09
1.699989942325248718e+09
1.699989942351284266e+09
1.699989942367220402e+09
1.699989942383232594e+09
1.699989942409265757e+09
1.699989942425206184e+09
1.699989942451220989e+09
1.699989942467176199e+09
1.699989942483190298e+09
1.699989942509248495e+09
1.699989942525154829e+09
1.699989942551170826e+09
1.699989942567093372e+09
1.699989942583171606e+09
1.699989942609227896e+09
1.699989942625124454e+09
1.699989942651077509e+09
1.699989942667037964e+09
1.699989942683070183e+09
1.699989942709079504e+09
1.699989942725058556e+09
1.699989942751055241e+09
1.699989942766936064e+09
1.699989942782967091e+09
1.699989942808954716e+09
1.699989942824994326e+09
1.699989942850918770e+09
1.699989942866849899e+09
1.699989942882879019e+09
1.699989942908909321e+09
1.699989942924828529e+09
1.699989942950797558e+09
1.699989942966824532e+09
1.699989942982770920e+09
1.699989943008762836e+09
1.699989943024758816e+09
1.699989943050711393e+09
1.699989943066684961e+09
1.699989943082723618e+09
1.699989943108733892e+09
1.699989943124659061e+09
1.699989943150617838e+09
1.699989943166617870e+09
1.699989943182652473e+09
1.699989943208802223e+09
1.699989943224648714e+09
1.699989943250527620e+09
1.699989943266460896e+09
1.699989943282512426e+09
1.699989943308553934e+09
1.699989943324565172e+09
1.699989943350496292e+09
1.699989943366453171e+09
1.699989943382487059e+09
1.699989943408523798e+09
1.699989943424531460e+09
1.699989943450343132e+09
1.699989943466359854e+09
1.699989943482347727e+09
1.699989943509455681e+09
1.699989943525401354e+09
1.699989943551229239e+09
1.699989943567240953e+09
1.699989943583240271e+09
1.699989943609253168e+09
1.699989943625248909e+09
1.699989943651184082e+09
1.699989943667165279e+09
1.699989943683139324e+09
1.699989943709158421e+09
1.699989943725212097e+09
1.699989943751135349e+09
1.699989943767112255e+09
1.699989943783143282e+09
1.699989943809190989e+09
1.699989943825115442e+09
1.699989943850999832e+09
1.699989943867026567e+09
1.699989943883044243e+09
1.699989943909020185e+09
1.699989943925060987e+09
1.699989943950964928e+09
1.699989943966954708e+09
1.699989943982964993e+09
1.699989944008945227e+09
1.699989944024993658e+09
1.699989944050920963e+09
1.699989944066895962e+09
1.699989944082919121e+09
1.699989944108917952e+09
1.699989944124929905e+09
1.699989944150833368e+09
1.699989944166781664e+09
1.699989944182800770e+09
1.699989944208886385e+09
1.699989944224811316e+09
1.699989944250762939e+09
1.699989944266679525e+09
1.699989944282732487e+09
1.699989944308731079e+09
1.699989944324772835e+09
1.699989944350667477e+09
1.699989944366620779e+09
1.699989944382699728e+09
1.699989944408745527e+09
1.699989944424710989e+09
1.699989944450586081e+09
1.699989944466565609e+09
1.699989944482587337e+09
1.699989944508579254e+09
1.699989944524613142e+09
1.699989944550500154e+09
1.699989944566471577e+09
1.699989944582498074e+09
1.699989944608517170e+09
1.699989944624482393e+09
1.699989944650425673e+09
1.699989944666373491e+09
1.699989944682356834e+09
1.699989944708502054e+09
1.699989944724444389e+09
1.699989944750357389e+09
1.699989944766312361e+09
1.699989944782349586e+09
1.699989944809403658e+09
1.699989944825332642e+09
1.699989944851215124e+09
1.699989944867213011e+09
1.699989944883266926e+09
1.699989944909265757e+09
1.699989944925333023e+09
1.699989944951133490e+09
1.699989944967170954e+09
1.699989944983137369e+09
1.699989945009131670e+09
1.699989945025258303e+09
1.699989945051132917e+09
1.699989945067048073e+09
1.699989945083040237e+09
1.699989945109060049e+09
1.699989945125071526e+09
1.699989945150975466e+09
1.699989945166965246e+09
1.699989945183017731e+09
1.699989945208994865e+09
1.699989945225030661e+09
1.699989945250925303e+09
1.699989945266909838e+09
1.699989945282911301e+09
1.699989945308933496e+09
1.699989945324912548e+09
1.699989945350814819e+09
1.699989945366769314e+09
1.699989945382781029e+09
1.699989945408853054e+09
1.699989945424759150e+09
1.699989945450700760e+09
1.699989945466710567e+09
1.699989945482743263e+09
1.699989945508793116e+09
1.699989945524724722e+09
1.699989945550580263e+09
1.699989945566631556e+09
1.699989945582572937e+09
1.699989945609549046e+09
1.699989945625573874e+09
1.699989945651576281e+09
1.699989945667532921e+09
1.699989945683605909e+09
1.699989945709503412e+09
1.699989945725623131e+09
1.699989945751501322e+09
1.699989945767409563e+09
1.699989945783416748e+09
1.699989945809469223e+09
1.699989945825518370e+09
1.699989945851387739e+09
1.699989945867361069e+09
1.699989945883341312e+09
1.699989945909367085e+09
1.699989945925369024e+09
1.699989945951314449e+09
1.699989945967232704e+09
1.699989945983301640e+09
1.699989946009329081e+09
1.699989946025246859e+09
1.699989946051241398e+09
1.699989946067183495e+09
1.699989946083203793e+09
1.699989946109252214e+09
1.699989946125300884e+09
1.699989946151119232e+09
1.699989946167149782e+09
1.699989946183103323e+09
1.699989946209057808e+09
1.699989946225122929e+09
1.699989946250973701e+09
1.699989946266988277e+09
1.699989946282948256e+09
1.699989946308990240e+09
1.699989946324984074e+09
1.699989946350878239e+09
1.699989946366856813e+09
1.699989946382879972e+09
1.699989946408903837e+09
1.699989946424947977e+09
1.699989946450808287e+09
1.699989946466794252e+09
1.699989946466794252e+09
1.699989946466794252e+09
1.699989946466794252e+09
1.699989946554178953e+09
1.699989946556318283e+09
1.699989946582784653e+09
1.699989946608714342e+09
1.699989946624694586e+09
1.699989946650625229e+09
1.699989946666552067e+09
1.699989946682588339e+09
1.699989946708613873e+09
1.699989946724614143e+09
1.699989946750584126e+09
1.699989946766568184e+09
1.699989946782562494e+09
1.699989946808649302e+09
1.699989946824522972e+09
1.699989946850448132e+09
1.699989946866440058e+09
1.699989946882434368e+09
1.699989946908522129e+09
1.699989946924414635e+09
1.699989946950319290e+09
1.699989946966284037e+09
1.699989946982305050e+09
1.699989947009362698e+09
1.699989947025339127e+09
1.699989947051270485e+09
1.699989947067247391e+09
1.699989947083256245e+09
1.699989947109274864e+09
1.699989947125245333e+09
1.699989947151174545e+09
1.699989947167168379e+09
1.699989947183193207e+09
1.699989947209265947e+09
1.699989947225210190e+09
1.699989947251133442e+09
1.699989947267080069e+09
